EACNUMM v2_das28crp v3_das28crp das28crp
3 NA NA NA
5 NA NA NA
14 NA NA NA
15 NA NA NA
17 NA NA NA
36 NA NA NA
38 NA NA NA
40 NA NA NA
42 NA NA NA
45 NA NA NA
49 NA NA NA
55 NA NA NA
57 NA NA NA
59 NA NA NA
61 NA NA NA
62 NA NA NA
64 NA NA NA
66 NA NA NA
68 NA NA NA
76 NA NA NA
86 NA NA NA
93 NA NA NA
95 NA NA NA
99 NA NA NA
104 NA NA NA
112 NA NA NA
117 NA NA NA
120 NA NA NA
134 NA NA NA
135 NA NA NA
145 NA NA NA
175 NA NA NA
176 NA NA NA
179 NA NA NA
183 NA NA NA
184 NA NA NA
187 NA NA NA
193 NA NA NA
221 NA NA NA
222 NA NA NA
224 NA NA NA
225 NA NA NA
226 NA NA NA
230 NA NA NA
233 NA NA NA
246 NA NA NA
248 NA NA NA
249 NA NA NA
250 NA NA NA
253 NA NA NA
262 NA NA NA
263 NA NA NA
265 NA NA NA
268 NA NA NA
270 NA NA NA
280 NA NA NA
281 NA NA NA
290 NA NA NA
293 NA NA NA
300 NA NA NA
303 NA NA NA
305 NA NA NA
310 NA NA NA
311 NA NA NA
315 NA NA NA
323 NA NA NA
324 NA NA NA
325 NA NA NA
327 NA NA NA
339 NA NA NA
340 NA NA NA
341 NA NA NA
355 NA NA NA
357 NA NA NA
358 NA NA NA
360 NA NA NA
368 NA NA NA
369 NA NA NA
372 NA NA NA
379 NA NA NA
389 NA NA NA
432 NA NA NA
437 NA NA NA
453 NA NA NA
459 NA NA NA
474 NA NA NA
475 NA NA NA
476 NA NA NA
480 NA NA NA
484 NA NA NA
487 NA NA NA
492 NA NA NA
493 NA NA NA
494 NA NA NA
495 NA NA NA
503 NA NA NA
506 NA NA NA
509 NA NA NA
511 NA NA NA
512 NA NA NA
517 NA NA NA
519 NA NA NA
521 NA NA NA
522 NA NA NA
524 NA NA NA
528 NA NA NA
530 NA NA NA
534 NA NA NA
536 NA NA NA
543 NA NA NA
545 NA NA NA
548 NA NA NA
554 NA NA NA
555 NA NA NA
557 NA NA NA
558 NA NA NA
560 NA NA NA
562 NA NA NA
564 NA NA NA
604 NA NA NA
609 NA NA NA
610 NA NA NA
612 NA NA NA
616 NA NA NA
621 NA NA NA
622 NA NA NA
626 NA NA NA
630 NA NA NA
631 NA NA NA
632 NA NA NA
637 NA NA NA
639 NA NA NA
641 NA NA NA
645 NA NA NA
651 NA NA NA
652 NA NA NA
655 NA NA NA
656 NA NA NA
660 NA NA NA
683 NA NA NA
684 NA NA NA
685 NA NA NA
688 NA NA NA
693 NA NA NA
695 NA NA NA
697 NA NA NA
699 NA NA NA
700 NA NA NA
706 NA NA NA
710 NA NA NA
712 NA NA NA
713 NA NA NA
715 NA NA NA
718 NA NA NA
719 NA NA NA
720 NA NA NA
723 NA NA NA
724 NA NA NA
726 NA NA NA
728 NA NA NA
729 NA NA NA
730 NA NA NA
732 NA NA NA
735 NA NA NA
738 NA NA NA
753 NA NA NA
754 NA NA NA
756 NA NA NA
758 NA NA NA
759 NA NA NA
761 NA NA NA
766 NA NA NA
777 NA NA NA
779 NA NA NA
784 NA NA NA
785 NA NA NA
787 NA NA NA
794 NA NA NA
795 NA NA NA
798 NA NA NA
802 NA NA NA
803 NA NA NA
806 NA NA NA
808 NA NA NA
812 NA NA NA
813 NA NA NA
815 NA NA NA
817 NA NA NA
822 NA NA NA
823 NA NA NA
824 NA NA NA
829 NA NA NA
831 NA NA NA
832 NA NA NA
835 NA NA NA
836 NA NA NA
839 NA NA NA
840 NA NA NA
841 NA NA NA
847 NA NA NA
849 NA NA NA
851 NA NA NA
852 NA NA NA
857 NA NA NA
858 NA NA NA
861 NA NA NA
863 NA NA NA
865 NA NA NA
866 NA NA NA
869 NA NA NA
871 NA NA NA
874 NA NA NA
876 NA NA NA
878 NA NA NA
879 NA NA NA
881 NA NA NA
883 NA NA NA
884 NA NA NA
886 NA NA NA
889 NA NA NA
891 NA NA NA
892 NA NA NA
897 NA NA NA
911 NA NA NA
913 NA NA NA
916 NA NA NA
917 NA NA NA
918 NA NA NA
927 NA NA NA
930 NA NA NA
931 NA NA NA
935 NA NA NA
936 NA NA NA
937 NA NA NA
939 NA NA NA
941 NA NA NA
943 NA NA NA
946 NA NA NA
950 NA NA NA
953 NA NA NA
954 NA NA NA
956 NA NA NA
959 NA NA NA
962 NA NA NA
967 NA NA NA
968 NA NA NA
970 NA NA NA
973 NA NA NA
974 NA NA NA
976 NA NA NA
978 NA NA NA
982 NA NA NA
988 NA NA NA
989 NA NA NA
990 NA NA NA
996 NA NA NA
1002 NA NA NA
1004 NA NA NA
1010 NA NA NA
1012 NA NA NA
1018 NA NA NA
1020 NA NA NA
1022 NA NA NA
1025 NA NA NA
1029 NA NA NA
1031 NA NA NA
1035 NA NA NA
1038 NA NA NA
1041 NA NA NA
1047 NA NA NA
1050 NA NA NA
1051 NA NA NA
1052 NA NA NA
1053 NA NA NA
1060 NA NA NA
1062 NA NA NA
1064 NA NA NA
1065 NA NA NA
1066 NA NA NA
1067 NA NA NA
1068 NA NA NA
1069 NA NA NA
1070 NA NA NA
1071 NA NA NA
1075 NA NA NA
1078 NA NA NA
1081 NA NA NA
1083 NA NA NA
1084 NA NA NA
1087 NA NA NA
1088 NA NA NA
1090 NA NA NA
1094 NA NA NA
1095 NA NA NA
1100 NA NA NA
1102 NA NA NA
1104 NA NA NA
1107 NA NA NA
1108 NA NA NA
1110 NA NA NA
1112 NA NA NA
1113 NA NA NA
1115 NA NA NA
1118 NA NA NA
1121 NA NA NA
1126 NA NA NA
1127 NA NA NA
1128 NA NA NA
1131 NA NA NA
1141 NA NA NA
1142 NA NA NA
1145 NA NA NA
1151 NA NA NA
1160 NA NA NA
1163 NA NA NA
1164 NA NA NA
1168 NA NA NA
1173 NA NA NA
1174 NA NA NA
1175 NA NA NA
1178 NA NA NA
1181 NA NA NA
1187 NA NA NA
1188 NA NA NA
1191 NA NA NA
1201 NA NA NA
1203 NA NA NA
1204 NA NA NA
1205 NA NA NA
1209 NA NA NA
1215 NA NA NA
1220 NA NA NA
1223 NA NA NA
1226 NA NA NA
1229 NA NA NA
1231 NA NA NA
1233 NA NA NA
1237 NA NA NA
1241 NA NA NA
1247 NA NA NA
1248 NA NA NA
1251 NA NA NA
1256 NA NA NA
1261 5.43391404186063 NA 5.43391404186063
1262 NA NA NA
1264 NA NA NA
1268 NA NA NA
1272 NA NA NA
1273 NA NA NA
1278 NA NA NA
1279 NA NA NA
1282 NA NA NA
1287 NA NA NA
1288 4.45256994199544 NA 4.45256994199544
1292 NA NA NA
1298 NA NA NA
1300 NA NA NA
1302 NA NA NA
1305 NA NA NA
1307 NA NA NA
1308 NA NA NA
1311 NA NA NA
1313 NA NA NA
1314 NA NA NA
1316 NA NA NA
1318 NA NA NA
1320 NA NA NA
1332 NA NA NA
1333 NA NA NA
1336 NA NA NA
1339 NA NA NA
1343 NA NA NA
1344 NA NA NA
1345 NA NA NA
1346 NA NA NA
1348 NA NA NA
1349 NA NA NA
1352 NA NA NA
1353 NA NA NA
1354 NA NA NA
1358 NA NA NA
1360 NA NA NA
1362 NA NA NA
1363 NA NA NA
1368 NA NA NA
1371 NA NA NA
1372 NA NA NA
1376 NA NA NA
1377 NA NA NA
1380 NA NA NA
1381 NA NA NA
1382 NA NA NA
1385 NA NA NA
1386 NA NA NA
1388 NA NA NA
1389 NA NA NA
1391 NA NA NA
1394 NA NA NA
1397 NA NA NA
1400 NA NA NA
1402 NA NA NA
1404 NA NA NA
1406 NA NA NA
1408 NA NA NA
1411 NA NA NA
1415 NA NA NA
1416 NA NA NA
1417 NA NA NA
1418 NA NA NA
1421 NA NA NA
1422 NA NA NA
1423 NA NA NA
1424 NA NA NA
1425 NA NA NA
1426 NA NA NA
1427 NA NA NA
1428 NA NA NA
1429 NA NA NA
1431 NA NA NA
1432 NA NA NA
1435 NA NA NA
1437 NA NA NA
1438 NA NA NA
1441 NA NA NA
1446 NA NA NA
1448 NA NA NA
1449 NA NA NA
1452 NA NA NA
1454 NA NA NA
1455 NA NA NA
1457 NA NA NA
1459 NA NA NA
1460 NA NA NA
1461 NA NA NA
1463 NA NA NA
1464 NA NA NA
1465 NA NA NA
1466 NA NA NA
1470 NA NA NA
1471 NA NA NA
1478 NA NA NA
1480 NA NA NA
1481 NA NA NA
1482 NA NA NA
1487 NA NA NA
1489 NA NA NA
1490 NA NA NA
1492 NA NA NA
1493 NA NA NA
1495 NA NA NA
1498 NA NA NA
1500 NA NA NA
1503 NA NA NA
1504 NA NA NA
1505 NA NA NA
1507 NA NA NA
1508 NA NA NA
1511 NA NA NA
1513 NA NA NA
1517 NA NA NA
1520 NA NA NA
1526 NA NA NA
1528 NA NA NA
1530 NA NA NA
1534 NA NA NA
1536 NA NA NA
1541 NA NA NA
1550 NA NA NA
1554 NA NA NA
1555 NA NA NA
1556 NA NA NA
1559 NA NA NA
1566 NA NA NA
1570 NA NA NA
1571 NA NA NA
1572 NA NA NA
1573 NA NA NA
1582 NA NA NA
1583 NA NA NA
1585 NA NA NA
1586 NA NA NA
1588 NA NA NA
1589 NA NA NA
1590 NA NA NA
1591 NA NA NA
1592 NA NA NA
1596 NA NA NA
1598 NA NA NA
1604 NA NA NA
1607 NA NA NA
1608 NA NA NA
1612 NA NA NA
1615 NA NA NA
1616 NA NA NA
1618 NA NA NA
1619 NA NA NA
1620 NA NA NA
1621 NA NA NA
1622 NA NA NA
1623 NA NA NA
1624 NA NA NA
1625 NA NA NA
1629 NA NA NA
1630 NA NA NA
1633 NA NA NA
1634 NA NA NA
1643 NA NA NA
1646 NA NA NA
1650 NA NA NA
1652 NA NA NA
1659 NA NA NA
1661 NA NA NA
1667 NA NA NA
1668 NA NA NA
1669 NA NA NA
1671 NA NA NA
1675 NA NA NA
1677 NA NA NA
1678 NA NA NA
1681 NA NA NA
1683 NA NA NA
1685 NA NA NA
1687 NA NA NA
1689 NA NA NA
1690 NA NA NA
1691 NA NA NA
1692 NA NA NA
1698 NA NA NA
1699 NA NA NA
1700 NA NA NA
1703 NA NA NA
1706 NA NA NA
1710 NA NA NA
1711 NA NA NA
1713 NA NA NA
1715 NA NA NA
1718 NA NA NA
1721 NA NA NA
1723 NA NA NA
1725 NA NA NA
1726 NA NA NA
1729 NA NA NA
1730 NA NA NA
1734 NA NA NA
1737 NA NA NA
1738 NA NA NA
1741 NA NA NA
1744 NA NA NA
1745 NA NA NA
1750 NA NA NA
1754 NA NA NA
1755 NA NA NA
1756 NA NA NA
1759 NA NA NA
1761 NA NA NA
1762 NA NA NA
1764 NA NA NA
1765 NA NA NA
1766 NA NA NA
1767 NA NA NA
1772 NA NA NA
1779 NA NA NA
1786 NA NA NA
1787 NA NA NA
1788 NA NA NA
1791 NA NA NA
1795 NA NA NA
1796 NA NA NA
1798 NA 5.06090434971889 5.06090434971889
1800 NA NA NA
1804 NA NA NA
1806 NA NA NA
1807 NA NA NA
1808 NA NA NA
1809 NA NA NA
1813 NA NA NA
1823 NA NA NA
1824 NA NA NA
1825 NA NA NA
1830 NA NA NA
1833 NA NA NA
1837 NA NA NA
1838 4.00605583756018 NA 4.00605583756018
1841 NA NA NA
1845 NA NA NA
1847 NA NA NA
1856 NA NA NA
1859 NA NA NA
1860 NA NA NA
1862 NA NA NA
1863 NA NA NA
1866 NA NA NA
1869 NA NA NA
1870 NA NA NA
1875 NA NA NA
1878 NA NA NA
1881 NA NA NA
1884 NA NA NA
1886 NA NA NA
1888 NA NA NA
1891 NA NA NA
1892 NA NA NA
1893 NA NA NA
1896 NA NA NA
1900 NA NA NA
1901 NA NA NA
1903 NA NA NA
1904 NA NA NA
1905 NA NA NA
1911 NA NA NA
1914 NA NA NA
1916 NA NA NA
1917 NA NA NA
1918 NA NA NA
1919 NA NA NA
1923 NA NA NA
1926 NA NA NA
1928 NA NA NA
1929 NA NA NA
1931 NA NA NA
1934 NA NA NA
1941 NA NA NA
1943 NA NA NA
1946 3.36852765365991 NA 3.36852765365991
1947 NA NA NA
1948 NA NA NA
1957 NA NA NA
1958 NA NA NA
1961 NA NA NA
1962 NA NA NA
1965 NA NA NA
1966 NA NA NA
1968 NA NA NA
1973 NA NA NA
1976 NA 3.45101442224173 3.45101442224173
1978 NA NA NA
1979 NA NA NA
1982 NA NA NA
1983 NA 3.37395619840995 3.37395619840995
1984 NA NA NA
1985 NA NA NA
1986 NA NA NA
1988 NA NA NA
1990 NA NA NA
1991 NA NA NA
1992 NA NA NA
1996 NA NA NA
2000 NA NA NA
2001 NA NA NA
2002 NA NA NA
2003 NA NA NA
2004 NA NA NA
2007 NA NA NA
2008 NA NA NA
2012 NA NA NA
2016 NA NA NA
2021 NA NA NA
2022 NA NA NA
2023 NA NA NA
2025 NA NA NA
2027 NA 3.01874766488068 3.01874766488068
2028 NA NA NA
2029 NA NA NA
2030 NA NA NA
2031 NA NA NA
2035 NA NA NA
2036 NA NA NA
2040 NA NA NA
2044 NA NA NA
2050 NA NA NA
2051 NA NA NA
2053 NA NA NA
2057 NA NA NA
2058 NA NA NA
2061 NA NA NA
2062 NA NA NA
2064 NA NA NA
2066 NA NA NA
2069 NA NA NA
2071 NA NA NA
2072 NA NA NA
2073 NA NA NA
2075 NA NA NA
2076 NA NA NA
2077 NA NA NA
2078 NA NA NA
2082 NA NA NA
2083 1.64106597000316 NA 1.64106597000316
2084 NA NA NA
2086 NA NA NA
2087 3.30706597000316 NA 3.30706597000316
2088 NA NA NA
2091 NA NA NA
2094 NA NA NA
2096 NA NA NA
2099 NA NA NA
2101 3.06899300385103 NA 3.06899300385103
2103 NA NA NA
2104 NA 3.6639366013247 3.6639366013247
2107 NA NA NA
2108 NA NA NA
2111 NA NA NA
2112 NA NA NA
2114 NA NA NA
2117 NA NA NA
2119 NA NA NA
2120 NA NA NA
2121 NA NA NA
2123 NA NA NA
2125 4.50716135423914 NA 4.50716135423914
2127 2.58452765365991 NA 2.58452765365991
2128 NA NA NA
2133 NA NA NA
2134 NA NA NA
2135 2.97106597000316 NA 2.97106597000316
2138 NA NA NA
2141 NA NA NA
2142 NA NA NA
2143 NA NA NA
2144 NA NA NA
2151 NA NA NA
2153 NA 1.73659895500474 1.73659895500474
2155 NA NA NA
2156 NA NA NA
2162 NA NA NA
2163 NA NA NA
2164 NA NA NA
2165 NA NA NA
2166 NA NA NA
2167 NA NA NA
2170 NA NA NA
2171 NA NA NA
2174 NA NA NA
2178 NA NA NA
2180 NA NA NA
2182 NA NA NA
2183 NA NA NA
2185 NA NA NA
2186 NA NA NA
2189 NA NA NA
2191 NA NA NA
2192 NA NA NA
2193 NA 2.9070334089221 2.9070334089221
2195 NA NA NA
2197 NA NA NA
2198 NA NA NA
2199 NA NA NA
2201 NA NA NA
2202 NA NA NA
2209 NA NA NA
2213 NA NA NA
2216 NA NA NA
2217 NA NA NA
2219 NA NA NA
2222 NA NA NA
2226 3.92966093031862 NA 3.92966093031862
2230 NA 1.86506597000316 1.86506597000316
2233 NA NA NA
2234 NA NA NA
2243 NA NA NA
2247 NA 4.5922327330995 4.5922327330995
2248 NA 1.48706597000316 1.48706597000316
2249 NA NA NA
2250 NA NA NA
2251 NA NA NA
2254 NA NA NA
2256 NA 1.85106597000316 1.85106597000316
2257 NA NA NA
2260 NA 2.27902556493209 2.27902556493209
2261 NA NA NA
2263 NA NA NA
2266 NA NA NA
2274 NA NA NA
2278 NA 3.92097401717067 3.92097401717067
2283 NA NA NA
2285 NA NA NA
2298 NA NA NA
2299 NA NA NA
2302 NA NA NA
2303 NA NA NA
2305 NA NA NA
2306 NA NA NA
2307 NA NA NA
2310 NA 3.24724383486751 3.24724383486751
2316 NA NA NA
2318 NA NA NA
2320 NA NA NA
2321 1.59906597000316 NA 1.59906597000316
2323 NA 2.25102556493209 2.25102556493209
2326 NA NA NA
2333 NA NA NA
2334 NA NA NA
2342 NA NA NA
2343 NA NA NA
2344 NA NA NA
2350 NA NA NA
2355 NA 1.96306597000316 1.96306597000316
2357 NA NA NA
2362 NA NA NA
2363 NA NA NA
2367 NA NA NA
2371 NA NA NA
2372 NA NA NA
2375 NA 4.11671510379962 4.11671510379962
2381 NA NA NA
2382 NA NA NA
2386 NA NA NA
2389 NA NA NA
2391 NA NA NA
2393 NA NA NA
2399 NA NA NA
2408 NA NA NA
2414 NA NA NA
2423 NA NA NA
2425 NA NA NA
2426 NA NA NA
2428 NA NA NA
2429 NA NA NA
2431 NA NA NA
2435 NA NA NA
2436 NA NA NA
2437 NA NA NA
2443 NA NA NA
2444 NA NA NA
2449 NA NA NA
2451 NA NA NA
2453 NA NA NA
2454 NA 1.54306597000316 1.54306597000316
2456 NA NA NA
2461 NA NA NA
2466 NA 1.47306597000316 1.47306597000316
2469 NA NA NA
2470 NA NA NA
2471 NA NA NA
2473 NA NA NA
2475 NA NA NA
2476 NA NA NA
2480 NA NA NA
2481 NA NA NA
2484 NA NA NA
2487 NA NA NA
2491 NA NA NA
2493 NA 4.03220990651403 4.03220990651403
2497 NA NA NA
2500 NA NA NA
2503 NA NA NA
2505 NA NA NA
2506 NA 2.61790909310357 2.61790909310357
2507 NA 3.80122209567188 3.80122209567188
2508 NA NA NA
2511 NA NA NA
2515 NA NA NA
2516 NA NA NA
2519 NA NA NA
2520 NA NA NA
2524 NA NA NA
2530 4.89795762742885 NA 4.89795762742885
2538 NA 3.82363236392684 3.82363236392684
2540 NA NA NA
2545 NA NA NA
2552 NA NA NA
2556 NA 2.73701442224173 2.73701442224173
2563 NA NA NA
2564 NA NA NA
2565 NA NA NA
2569 NA NA NA
2576 NA NA NA
2577 NA 3.57805313661562 3.57805313661562
2584 NA NA NA
2585 NA NA NA
2586 NA NA NA
2592 NA NA NA
2595 NA NA NA
2596 NA NA NA
2601 NA NA NA
2603 NA 1.57106597000316 1.57106597000316
2605 NA NA NA
2606 NA NA NA
2609 NA NA NA
2615 NA NA NA
2617 NA 2.07506597000316 2.07506597000316
2618 NA NA NA
2619 NA NA NA
2621 NA 1.50106597000316 1.50106597000316
2622 NA NA NA
2623 NA 1.47306597000316 1.47306597000316
2624 NA NA NA
2627 NA 1.53939764847628 1.53939764847628
2628 NA NA NA
2629 NA NA NA
2630 NA NA NA
2632 NA NA NA
2634 NA NA NA
2635 NA NA NA
2649 NA NA NA
2650 NA NA NA
2655 NA NA NA
2656 NA 5.27626460805986 5.27626460805986
2657 NA NA NA
2658 NA NA NA
2659 NA NA NA
2660 NA NA NA
2661 NA NA NA
2663 NA NA NA
2665 NA NA NA
2667 NA NA NA
2668 NA NA NA
2669 NA NA NA
2670 NA NA NA
2672 NA NA NA
2674 NA 3.39726403740304 3.39726403740304
2682 NA NA NA
2685 NA NA NA
2689 NA NA NA
2690 NA 3.34816497656527 3.34816497656527
2692 NA 2.03306597000316 2.03306597000316
2694 NA NA NA
2703 NA NA NA
2704 NA NA NA
2705 NA NA NA
2706 NA 3.32200763504139 3.32200763504139
2707 NA NA NA
2711 NA 3.40995608727996 3.40995608727996
2718 NA NA NA
2724 NA NA NA
2726 NA NA NA
2728 NA NA NA
2730 NA NA NA
2735 NA NA NA
2736 NA NA NA
2737 NA NA NA
2741 NA NA NA
2743 NA NA NA
2744 NA NA NA
2745 NA NA NA
2747 NA NA NA
2751 NA NA NA
2752 NA NA NA
2756 NA NA NA
2758 NA NA NA
2760 NA NA NA
2761 NA NA NA
2762 NA NA NA
2765 NA NA NA
2766 NA NA NA
2768 NA NA NA
2770 NA NA NA
2772 NA NA NA
2773 NA NA NA
2782 NA NA NA
2784 NA NA NA
2788 NA NA NA
2791 NA NA NA
2795 NA NA NA
2796 NA NA NA
2802 NA NA NA
2805 NA NA NA
2815 NA NA NA
2816 NA NA NA
2818 NA NA NA
2820 NA NA NA
2821 NA NA NA
2824 NA NA NA
2825 NA NA NA
2830 NA NA NA
2840 NA NA NA
2848 NA NA NA
2850 NA NA NA
2852 NA NA NA
2855 NA NA NA
2869 NA NA NA
2870 NA NA NA
2872 NA NA NA
2875 NA NA NA
2882 NA NA NA
2885 NA NA NA
2893 NA NA NA
2895 NA NA NA
3001 NA NA NA
3004 NA NA NA
3012 NA NA NA
3014 NA NA NA
3024 3.13906597000316 NA 3.13906597000316
3025 NA NA NA
3026 NA 1.59906597000316 1.59906597000316
3027 NA 3.10296044276997 3.10296044276997
3031 1.45906597000316 1.45906597000316 1.45906597000316
3037 NA NA NA
3044 NA 3.65102556493209 3.65102556493209
3050 NA 3.37102556493209 3.37102556493209
3052 NA NA NA
3057 2.90456639392368 4.11948080238609 2.90456639392368
3058 NA NA NA
3061 3.93493239624443 NA 3.93493239624443
3069 4.18333051002192 3.27498186116067 4.18333051002192
3077 NA NA NA
3078 NA NA NA
3079 3.12901442224173 2.15906597000316 3.12901442224173
3084 NA 3.87089983516337 3.87089983516337
3087 3.45901378738767 NA 3.45901378738767
3093 NA 2.99906597000316 2.99906597000316
3097 NA NA NA
3099 4.04860137950168 NA 4.04860137950168
3110 1.94906597000316 2.15906597000316 1.94906597000316
3111 NA NA NA
3116 4.72830071649651 NA 4.72830071649651
3120 NA NA NA
3121 NA 4.75718621970027 4.75718621970027
3122 NA 2.53102556493209 2.53102556493209
3127 NA 2.29906597000316 2.29906597000316
3132 NA NA NA
3134 NA NA NA
3140 NA NA NA
3141 NA NA NA
3143 NA 1.73906597000316 1.73906597000316
3146 NA 3.20652598885261 3.20652598885261
3150 NA NA NA
3151 NA 4.12566093031862 4.12566093031862
3152 3.81096165862514 3.1049942197062 3.81096165862514
3153 3.75736307110298 NA 3.75736307110298
3158 NA NA NA
3159 4.67308829580667 NA 4.67308829580667
3162 2.99906597000316 2.8650334089221 2.99906597000316
3164 NA NA NA
3169 NA NA NA
3179 NA 3.51993044855192 3.51993044855192
3183 3.25291475368773 2.55456639392368 3.25291475368773
3184 NA 3.1948980723968 3.1948980723968
3185 3.09102556493209 3.97723147632198 3.09102556493209
3186 3.12846704605331 3.14733704086968 3.12846704605331
3187 NA NA NA
3190 4.15295326777597 2.84101320638657 4.15295326777597
3198 2.59100084784104 1.45906597000316 2.59100084784104
3201 NA 5.10235101246725 5.10235101246725
3207 4.6310255649321 4.29575445208103 4.6310255649321
3210 NA 4.76343784459872 4.76343784459872
3214 5.36509644398056 3.58699300385103 5.36509644398056
3217 NA 4.1851650037031 4.1851650037031
3225 3.08551081496597 5.79214300620265 3.08551081496597
3229 2.01906597000316 2.43906597000316 2.01906597000316
3240 NA 2.23939764847628 2.23939764847628
3242 NA 4.24636692854718 4.24636692854718
3243 NA 5.08151106204269 5.08151106204269
3244 NA 4.10901442224173 4.10901442224173
3248 4.65207036591596 NA 4.65207036591596
3251 2.85906597000316 NA 2.85906597000316
3252 NA NA NA
3253 NA 2.13291475368773 2.13291475368773
3254 NA NA NA
3256 4.58554524523601 2.55456639392368 4.58554524523601
3258 4.09385373146031 NA 4.09385373146031
3260 NA NA NA
3261 NA 3.06700536239656 3.06700536239656
3267 NA NA NA
3271 1.85504576746763 1.45906597000316 1.85504576746763
3275 NA NA NA
3280 1.66906597000316 1.73906597000316 1.66906597000316
3281 NA 3.51102556493209 3.51102556493209
3288 3.13906597000316 1.80906597000316 3.13906597000316
3292 NA NA NA
3295 3.66296044276997 2.87100084784104 3.66296044276997
3299 3.2715002149719 3.21132116107955 3.2715002149719
3300 3.26901442224173 NA 3.26901442224173
3304 NA NA NA
3305 NA NA NA
3307 NA NA NA
3313 NA NA NA
3323 NA NA NA
3327 3.11390485959714 3.19411173747079 3.11390485959714
3334 3.55126403740304 1.73906597000316 3.55126403740304
3340 NA 5.13651506484866 5.13651506484866
3342 NA 1.73906597000316 1.73906597000316
3343 3.09102556493209 3.99248724858885 3.09102556493209
3344 6.83388592366158 2.81102556493209 6.83388592366158
3348 2.29906597000316 1.59906597000316 2.29906597000316
3358 1.67939764847628 NA 1.67939764847628
3360 4.15987633710125 NA 4.15987633710125
3361 3.83656994199544 2.86733704086968 3.83656994199544
3376 2.43906597000316 NA 2.43906597000316
3382 2.32280518405732 NA 2.32280518405732
3386 1.59906597000316 1.59906597000316 1.59906597000316
3391 NA NA NA
3393 1.84859895500474 1.87052765365991 1.84859895500474
3394 3.78049464362672 NA 3.78049464362672
3396 NA NA NA
3397 3.87813436450326 NA 3.87813436450326
3404 NA 3.86694456297985 3.86694456297985
3405 3.26492309798245 NA 3.26492309798245
3414 NA 2.71906597000316 2.71906597000316
3420 2.89135724340521 1.73906597000316 2.89135724340521
3425 2.01906597000316 NA 2.01906597000316
3427 NA NA NA
3428 2.53102556493209 NA 2.53102556493209
3430 NA 3.49663660828686 3.49663660828686
3436 3.35939764847628 3.35589470292909 3.35939764847628
3439 NA 3.61623826352233 3.61623826352233
3440 4.45111190443486 NA 4.45111190443486
3445 NA NA NA
3446 NA NA NA
3448 NA 1.53212467384197 1.53212467384197
3450 3.48055854993367 NA 3.48055854993367
3458 NA NA NA
3459 1.45906597000316 2.13504576746763 1.45906597000316
3460 2.12859895500474 NA 2.12859895500474
3469 NA 1.59906597000316 1.59906597000316
3471 NA NA NA
3472 NA 2.71906597000316 2.71906597000316
3475 1.45906597000316 NA 1.45906597000316
3476 NA 4.00404020033756 4.00404020033756
3483 NA NA NA
3484 3.67504576746763 NA 3.67504576746763
3487 NA NA NA
3488 2.15906597000316 NA 2.15906597000316
3494 2.43497671764724 4.0355245104502 2.43497671764724
3495 NA NA NA
3498 1.80906597000316 2.01906597000316 1.80906597000316
3500 4.13328088428453 NA 4.13328088428453
3501 5.13987633710125 NA 5.13987633710125
3511 NA NA NA
3516 4.62094678156537 3.08665910342296 4.62094678156537
3517 NA NA NA
3529 3.66355464761091 NA 3.66355464761091
3530 NA 2.57906597000316 2.57906597000316
3533 3.95382663026035 3.33712250313776 3.95382663026035
3537 4.46348706366291 5.57121130693823 4.46348706366291
3540 NA NA NA
3545 2.69504576746763 1.99504576746763 2.69504576746763
3547 NA NA NA
3559 3.41790376277427 1.92938026925822 3.41790376277427
3560 1.73906597000316 NA 1.73906597000316
3561 1.46795531053569 1.73906597000316 1.46795531053569
3563 1.95066916936792 2.46280518405732 1.95066916936792
3571 NA NA NA
3575 1.52470173044898 2.41370931320583 1.52470173044898
3576 3.33511345594167 NA 3.33511345594167
3579 NA 1.59906597000316 1.59906597000316
3581 NA 2.43906597000316 2.43906597000316
3582 NA NA NA
3591 2.22404019612245 2.01282885031885 2.22404019612245
3593 2.01906597000316 2.13504576746763 2.01906597000316
3597 NA 3.06700536239656 3.06700536239656
3598 4.25439410659657 3.11370931320583 4.25439410659657
3603 3.09102556493209 3.20061762160649 3.09102556493209
3606 4.53906597000316 3.97126403740304 4.53906597000316
3607 NA 2.57906597000316 2.57906597000316
3608 1.87906597000316 NA 1.87906597000316
3609 1.72656782294258 NA 1.72656782294258
3614 NA NA NA
3616 NA 2.13504576746763 2.13504576746763
3617 NA NA NA
3618 3.0349942197062 3.00492724110678 3.0349942197062
3619 NA 3.01759371718595 3.01759371718595
3622 NA NA NA
3623 NA 3.34700536239656 3.34700536239656
3625 1.8265265943029 1.87906597000316 1.8265265943029
3628 2.15906597000316 2.29906597000316 2.15906597000316
3630 2.01906597000316 2.15906597000316 2.01906597000316
3631 1.45906597000316 NA 1.45906597000316
3637 NA NA NA
3638 1.87906597000316 NA 1.87906597000316
3639 NA 3.86665548813935 3.86665548813935
3640 NA NA NA
3649 NA NA NA
3652 NA 2.19046504749834 2.19046504749834
3655 NA 2.19407059341027 2.19407059341027
3656 NA NA NA
3657 4.30217246965516 NA 4.30217246965516
3658 NA 2.64566890813477 2.64566890813477
3659 2.29906597000316 1.73906597000316 2.29906597000316
3660 2.13504576746763 2.16939764847628 2.13504576746763
3661 2.92700536239656 2.98901442224173 2.92700536239656
3662 2.97504576746763 NA 2.97504576746763
3664 NA NA NA
3665 NA 3.758174684263 3.758174684263
3667 2.39102556493209 3.29599979105138 2.39102556493209
3668 3.80795938598031 2.23328774692843 3.80795938598031
3670 5.39047529254007 NA 5.39047529254007
3675 NA NA NA
3678 1.59906597000316 NA 1.59906597000316
3685 2.29906597000316 2.15906597000316 2.29906597000316
3686 3.83281754260284 NA 3.83281754260284
3688 NA NA NA
3689 NA 2.15906597000316 2.15906597000316
3694 NA NA NA
3696 NA 2.97370931320583 2.97370931320583
3699 NA 5.79065848494719 5.79065848494719
3703 3.75078260473279 NA 3.75078260473279
3704 3.52634864913199 1.93009214038554 3.52634864913199
3706 3.74979137772232 2.71906597000316 3.74979137772232
3707 2.48893063347786 2.69748829553727 2.48893063347786
3711 1.79712250313776 NA 1.79712250313776
3714 1.83351710521146 1.98710362328528 1.83351710521146
3717 1.59906597000316 3.1625978680231 1.59906597000316
3723 NA NA NA
3727 NA NA NA
3730 NA NA NA
3731 NA 3.13906597000316 3.13906597000316
3732 1.45906597000316 NA 1.45906597000316
3733 NA 1.87906597000316 1.87906597000316
3734 3.06700536239656 NA 3.06700536239656
3735 NA NA NA
3736 2.46826727653163 NA 2.46826727653163
3743 2.85906597000316 2.29906597000316 2.85906597000316
3745 1.58656782294258 1.65712250313776 1.58656782294258
3746 NA NA NA
3752 2.01906597000316 1.91337763473272 2.01906597000316
3756 3.23102556493209 NA 3.23102556493209
3762 5.91071780750057 2.29906597000316 5.91071780750057
3764 NA NA NA
3766 NA 2.19423471545056 2.19423471545056
3770 NA 2.67665548813935 2.67665548813935
3786 5.23576406588181 5.61343273811121 5.23576406588181
3794 NA 2.01906597000316 2.01906597000316
3795 NA 4.04714917715299 4.04714917715299
3796 NA NA NA
3797 NA 1.73906597000316 1.73906597000316
3803 3.41906597000316 3.61736307110298 3.41906597000316
3804 NA 3.27906597000316 3.27906597000316
3806 2.51066916936792 2.76762509776249 2.51066916936792
3811 NA NA NA
3818 NA 3.67407808940808 3.67407808940808
3821 NA 1.73906597000316 1.73906597000316
3822 5.14269549981723 3.75736307110298 5.14269549981723
3825 2.15906597000316 2.43906597000316 2.15906597000316
3829 1.83013336902522 1.88563476533556 1.83013336902522
3830 NA 1.7625978680231 1.7625978680231
3834 NA 2.43906597000316 2.43906597000316
3836 1.87906597000316 1.87906597000316 1.87906597000316
3837 NA NA NA
3838 5.32906542637792 4.23142078562051 5.32906542637792
3841 2.29906597000316 4.23232324741343 2.29906597000316
3843 NA 3.74455028795802 3.74455028795802
3844 2.70783214203884 1.78938026925822 2.70783214203884
3848 3.18532589817931 1.45906597000316 3.18532589817931
3849 3.83906597000316 1.87906597000316 3.83906597000316
3854 NA 2.57906597000316 2.57906597000316
3855 NA 3.238351860852 3.238351860852
3859 2.54023242460959 1.7625978680231 2.54023242460959
3863 4.82686274241134 1.96053280007564 4.82686274241134
3866 NA NA NA
3873 3.83126403740304 4.66492309798245 3.83126403740304
3877 NA 1.75663042910416 1.75663042910416
3878 1.73906597000316 3.34076824271225 1.73906597000316
3880 2.16887805865324 1.73906597000316 2.16887805865324
3889 NA NA NA
3892 1.73906597000316 NA 1.73906597000316
3893 NA 1.87906597000316 1.87906597000316
3905 1.73906597000316 NA 1.73906597000316
3907 2.57906597000316 NA 2.57906597000316
3908 NA 2.15906597000316 2.15906597000316
3911 3.59527263892819 3.77696973277743 3.59527263892819
3913 NA NA NA
3914 3.08869690172304 2.29906597000316 3.08869690172304
3915 NA 3.82901442224173 3.82901442224173
3923 2.20146786283946 2.06475870950289 2.20146786283946
3930 NA 2.15906597000316 2.15906597000316
3931 NA 3.2421432115702 3.2421432115702
3932 2.87100084784104 2.85489305172426 2.87100084784104
3936 2.08563412225702 1.83351710521146 2.08563412225702
3941 NA 3.76404019612245 3.76404019612245
3942 2.87666132537792 1.59906597000316 2.87666132537792
3943 2.13504576746763 1.59906597000316 2.13504576746763
3946 2.57906597000316 NA 2.57906597000316
3948 3.48404019612245 1.73906597000316 3.48404019612245
3951 2.17683774513838 2.2989828463282 2.17683774513838
3955 3.14133986418715 2.12037445540091 3.14133986418715
3963 4.00709170189932 3.70520431340765 4.00709170189932
3966 NA 2.87923476271201 2.87923476271201
3969 2.00616341410574 NA 2.00616341410574
3971 5.04556798741889 3.27039746355034 5.04556798741889
3976 3.0453125125706 NA 3.0453125125706
3979 NA 2.43906597000316 2.43906597000316
3981 3.78068670419933 2.69504576746763 3.78068670419933
3985 2.99264112284238 3.33712250313776 2.99264112284238
3993 NA NA NA
3994 1.59906597000316 NA 1.59906597000316
4004 NA 1.59906597000316 1.59906597000316
4007 NA 2.0001959751868 2.0001959751868
4008 2.67102556493209 2.95102556493209 2.67102556493209
4010 2.43906597000316 NA 2.43906597000316
4013 NA 1.59906597000316 1.59906597000316
4019 4.35843356654542 4.05898087882812 4.35843356654542
4020 NA 4.36472453894083 4.36472453894083
4022 NA 3.05710507914396 3.05710507914396
4025 NA NA NA
4026 NA NA NA
4027 NA 2.59683774513838 2.59683774513838
4030 NA 3.75410280649914 3.75410280649914
4033 3.09102556493209 4.06676002342621 3.09102556493209
4036 NA 1.89683774513838 1.89683774513838
4042 NA 3.758174684263 3.758174684263
4047 1.73906597000316 3.39091997079452 1.73906597000316
4058 1.81939764847628 3.60529616041573 1.81939764847628
4061 2.29906597000316 NA 2.29906597000316
4066 5.06349384860661 3.2052293841089 5.06349384860661
4072 2.70901442224173 4.57188489706512 2.70901442224173
4074 1.73906597000316 1.73906597000316 1.73906597000316
4083 3.81078022596174 2.70901442224173 3.81078022596174
4085 1.45906597000316 1.52906597000316 1.45906597000316
4088 2.33674227280325 2.54037445540091 2.33674227280325
4090 3.33245484400594 1.98407059341027 3.33245484400594
4092 2.67102556493209 2.71906597000316 2.67102556493209
4093 2.83291475368773 2.01906597000316 2.83291475368773
4100 NA 3.79513761230253 3.79513761230253
4105 2.14492309798245 1.59906597000316 2.14492309798245
4108 2.33262292705828 2.1650334089221 2.33262292705828
4109 1.73906597000316 1.87906597000316 1.73906597000316
4118 NA NA NA
4119 2.54859895500474 3.18165765884355 2.54859895500474
4121 1.73906597000316 2.29906597000316 1.73906597000316
4122 2.01879628923779 1.73906597000316 2.01879628923779
4123 NA 2.43906597000316 2.43906597000316
4124 NA 2.44749830378494 2.44749830378494
4132 3.8749942197062 NA 3.8749942197062
4133 3.81504576746763 NA 3.81504576746763
4136 NA 2.57906597000316 2.57906597000316
4137 NA NA NA
4140 3.44510140817183 4.68749830378494 3.44510140817183
4141 NA NA NA
4149 4.84404830628842 NA 4.84404830628842
4151 2.9989828463282 2.04259786802309 2.9989828463282
4152 3.38640361632312 2.20783241379671 3.38640361632312
4164 3.97906597000316 2.99906597000316 3.97906597000316
4166 1.45906597000316 1.45906597000316 1.45906597000316
4167 NA NA NA
4170 NA 4.61113244262204 4.61113244262204
4172 4.49096994180126 3.62906597000316 4.49096994180126
4174 3.61398864836102 NA 3.61398864836102
4180 1.67212467384197 1.63337763473272 1.67212467384197
4181 2.1825978680231 2.67617577265126 2.1825978680231
4183 1.73906597000316 NA 1.73906597000316
4190 NA NA NA
4191 NA NA NA
4192 NA NA NA
4193 1.87906597000316 1.8789828463282 1.87906597000316
4195 NA 1.73906597000316 1.73906597000316
4198 3.25296323467529 4.17191639878917 3.25296323467529
4201 4.29337763473272 2.67102556493209 4.29337763473272
4204 1.59906597000316 2.15906597000316 1.59906597000316
4206 5.49376395870784 1.59906597000316 5.49376395870784
4209 3.3849942197062 2.41504576746763 3.3849942197062
4211 1.45906597000316 NA 1.45906597000316
4213 3.59848618923183 3.29098395762454 3.59848618923183
4215 2.29906597000316 4.40678573789927 2.29906597000316
4218 1.7625978680231 2.88102556493209 1.7625978680231
4219 2.76546958632628 1.66906597000316 2.76546958632628
4223 2.29906597000316 3.06700536239656 2.29906597000316
4228 NA 2.57906597000316 2.57906597000316
4230 4.15637585260219 2.71906597000316 4.15637585260219
4231 2.15906597000316 NA 2.15906597000316
4232 NA 2.45181197125766 2.45181197125766
4235 NA NA NA
4242 1.75683774513838 2.87100084784104 1.75683774513838
4247 1.73906597000316 1.73906597000316 1.73906597000316
4249 3.41906597000316 3.23102556493209 3.41906597000316
4254 4.50863002406361 3.12757485014644 4.50863002406361
4255 5.21806281197678 4.53394369601214 5.21806281197678
4257 NA 1.59906597000316 1.59906597000316
4259 2.51133986418715 NA 2.51133986418715
4261 1.59906597000316 NA 1.59906597000316
4262 5.70949052814022 3.411400020333 5.70949052814022
4263 5.21666510754501 NA 5.21666510754501
4264 3.44948907228154 3.01763745630802 3.44948907228154
4268 1.62351710521146 3.2394845441304 1.62351710521146
4273 NA 3.77448789270677 3.77448789270677
4274 1.96053280007564 1.73906597000316 1.96053280007564
4276 1.87906597000316 1.73906597000316 1.87906597000316
4277 1.73906597000316 1.59906597000316 1.73906597000316
4279 2.68710362328528 3.09705207552385 2.68710362328528
4283 1.64146786283946 1.59906597000316 1.64146786283946
4285 2.43906597000316 2.01906597000316 2.43906597000316
4288 1.85748829553727 NA 1.85748829553727
4289 2.21277528320899 1.84037445540091 2.21277528320899
4291 4.91032084600471 NA 4.91032084600471
4292 1.45906597000316 NA 1.45906597000316
4294 1.87906597000316 2.54859002403309 1.87906597000316
4301 1.73906597000316 1.73906597000316 1.73906597000316
4302 3.27906597000316 2.85906597000316 3.27906597000316
4304 2.70616341410574 2.61934507365166 2.70616341410574
4314 NA NA NA
4316 2.72865996042725 1.70710362328528 2.72865996042725
4321 NA NA NA
4324 1.87906597000316 NA 1.87906597000316
4326 1.73906597000316 2.25354713899218 1.73906597000316
4327 1.99504576746763 2.90113454617754 1.99504576746763
4342 1.59906597000316 NA 1.59906597000316
4345 2.58887805865324 NA 2.58887805865324
4349 2.27651144462729 NA 2.27651144462729
4359 2.71906597000316 NA 2.71906597000316
4368 NA NA NA
4372 4.06900736675335 NA 4.06900736675335
4373 NA NA NA
4375 4.0194505101553 NA 4.0194505101553
4377 NA NA NA
4378 1.45906597000316 NA 1.45906597000316
4379 3.25078022596174 NA 3.25078022596174
4380 2.81102556493209 NA 2.81102556493209
4385 NA NA NA
4386 NA NA NA
4388 NA NA NA
4389 NA NA NA
4390 NA NA NA
4393 NA NA NA
4394 NA NA NA
4395 NA NA NA
4398 2.99906597000316 NA 2.99906597000316
4401 4.3827972485111 NA 4.3827972485111
4402 NA NA NA
4409 NA NA NA
4413 NA NA NA
4414 NA NA NA
4420 NA NA NA
4421 NA NA NA
4422 NA NA NA
4430 NA NA NA
4438 NA NA NA
4440 NA NA NA
4443 NA NA NA
4444 NA NA NA
