EACNUMM EZIS.id crp Age_incl geslacht
3 9219101 9 42.5 2
5 6685796 45 61.9 1
14 179396 NA 40.1 1
15 5189888 3 41.3 1
17 NA 18 26.6 1
36 849270 31 74.7 1
38 NA 106 42 1
40 6494006 62 67.6 1
42 4071736 NA 43.8 1
45 NA 25 73.5 1
49 NA 39 65.8 1
55 NA 75 66.2 1
57 3078156 23 49.8 1
59 NA 19 76.1 1
61 2295899 31 64.7 2
62 2706178 10 36.7 1
64 NA 43 34.2 2
66 8044384 27 66 1
68 NA 15 57.8 1
76 2379802 3 36.2 1
86 NA 6 67.6 1
93 3390246 36 71.6 1
95 6226958 7 46 1
99 5663760 25 64.7 1
104 NA 77 79.5 1
112 NA 11 30.8 1
117 7950042 11 62.4 1
120 NA 7 47.3 1
134 NA 65 65.5 2
135 NA 45 76.4 1
145 3641974 17 46.6 1
175 NA 17 67.9 1
176 NA 18 70.7 2
179 NA NA 67.4 2
183 9082262 NA 54.8 1
184 219875 3 54.5 2
187 1509845 22 43.6 2
193 9172416 6 67.6 1
221 NA 21 62.9 2
222 224137 9 38.8 2
224 1962534 12 24.1 1
225 458331 NA 61.3 2
226 2507920 7 51.3 1
230 5015878 10 59.5 1
233 3751926 14 52.6 1
246 5158250 39 77.2 1
248 3139212 24 60.3 1
249 NA 58 59.1 2
250 6578511 33 59.8 2
253 9588937 31 48.5 2
262 7302829 NA 58.5 2
263 NA 9 57.9 1
265 NA NA 87.8 1
268 NA 57 67.7 1
270 9533852 44 31.2 1
280 6044540 17 55.4 1
281 8107229 9 44.7 2
290 NA 25 62.6 2
293 4200191 19 65.3 2
300 NA 23 42.2 2
303 6037026 22 54.8 1
305 1735240 75 57.4 1
310 2084672 66 54.1 1
311 NA 42 27.2 1
315 9567257 11 60.3 2
323 8388458 NA 56.2 1
324 NA NA 31.3 1
325 9661916 NA 52.8 1
327 NA 10 48.6 1
339 2132428 12 63.6 1
340 5067308 3 48.2 1
341 9359849 21 61.8 2
355 NA 45 75 1
357 NA NA 54.1 1
358 2013552 5 24.7 1
360 2210932 32 55.6 1
368 NA 14 58.5 2
369 NA 37 67 1
372 3044289 22 46.3 2
379 NA NA 54.7 1
389 1886094 NA 59.4 1
399 NA NA NA NA
432 NA 13 42.5 1
437 625355 49 63.7 2
453 9279358 4 48.9 1
459 NA 43 22.2 1
474 1223800 18 83.8 1
475 NA NA 60.8 1
476 7124111 44 62.4 2
480 NA 23 54.3 1
484 5118967 74 42.2 2
487 NA 7 83.3 2
492 116899 5 66.9 2
493 NA 21 68 1
494 NA 47 64 1
495 NA 20 63.3 1
503 NA 123 74.6 1
506 5523404 46 44 1
509 171526 101 49.3 1
511 7444475 45 36.3 2
512 8301328 35 69.2 1
517 NA 26 78.4 1
519 9592300 26 72.7 1
521 NA 102 62.6 2
522 7034718 31 76.2 1
524 4117414 21 71.9 1
528 172490 8 77.2 1
530 9165270 8 44 1
534 5585377 19 67.3 2
536 3172098 NA 59.2 1
543 7601064 9 58.8 1
545 169860 8 53.4 1
548 5947441 3 39.2 2
554 3277753 NA 55.2 2
555 NA 165 85.6 2
557 831579 143 76 2
558 7221322 12 20.8 1
560 NA 78 39.4 1
562 3299590 9 52.4 1
564 8675089 82 64 2
604 3392620 3 40.7 1
609 163235 28 73.5 2
610 4234356 129 48.4 1
612 NA 8 63.7 1
616 1549512 17 54.9 1
621 NA 17 62.3 2
622 1214845 27 37.2 2
626 NA 9 19.3 2
630 NA 3 75 2
631 1159634 11 37.6 1
632 434932 13 17.1 1
637 1593146 6 67.3 1
639 9800045 10 47.1 2
641 4036834 6 76.9 1
645 6205922 43 34.5 1
651 NA 7 40.2 1
652 NA 83 70 2
655 9278338 37 47.3 1
656 4185036 66 71.7 1
660 6025362 NA 52.3 1
683 5179287 10 55 2
684 NA 100 72.3 1
685 2573592 31 55.9 1
688 NA 39 76.1 1
693 7319413 46 76.8 2
695 NA 2 63.9 2
697 NA 73 79.6 1
699 9204654 55 30.9 1
700 NA 74 81.1 2
706 1270332 8 42.5 1
710 9183045 69 72.8 2
712 7131843 38 67.6 2
713 5043881 5 47.1 2
715 NA 47 60.1 2
718 9207196 30 67.7 1
719 NA 1 46 1
720 9207822 4 28.7 1
723 1696494 18 49.2 1
724 209988 52 27.3 1
726 NA 42 28.7 2
728 6069450 51 56.2 1
729 1210762 27 72 1
730 2209774 3 57 1
732 2362372 58 57.3 1
735 6623580 41 72.7 1
738 6629872 123 69.4 1
753 NA 44 76.5 2
754 1171471 42 48.9 2
756 NA 17 20.8 1
758 NA 62 65.7 2
759 2207832 65 23 1
761 1688602 27 49.2 1
766 9325479 81 58.3 2
777 8701035 32 54.7 2
779 7667462 4 44.4 1
784 2030382 80 75.2 1
785 NA NA 22.4 1
787 2012188 5 55.9 1
794 NA 15 63.5 2
795 4441145 6 58.1 2
798 5224672 27 50.8 1
802 1006110 158 62.4 1
803 7610629 40 49.8 2
806 2253547 15 48.8 2
808 7080083 25 53.5 2
812 NA 9 32.6 1
813 NA 0 46.5 1
815 9296910 8 55.2 1
817 4346492 6 57.6 1
822 NA 4 21 1
823 NA 36 82.3 1
824 8041708 1 66.5 1
829 206583 67 77.9 2
831 8101204 1 49.2 1
832 4516538 64 67.5 1
835 7829887 11 49.7 2
836 5173737 11 83.1 2
839 8273236 2 48.4 1
840 8197613 37 74.4 2
841 NA 97 62.8 1
847 5418940 16 52.6 1
849 5968050 NA 33.4 1
851 9277424 9 37.8 1
852 9039590 10 67.7 1
857 NA 64 87.1 1
858 4242464 3 25.6 1
861 5729196 59 75.8 1
863 1196816 4 66.4 1
865 7621315 13 59.3 2
866 NA 69 78 1
869 5169135 59 36.2 2
871 9212238 17 48.2 1
874 4701273 62 71.7 2
876 NA 21 83.5 1
878 6378363 104 65.4 2
879 NA 1 49.7 1
881 NA 48 84.8 1
883 8017934 18 71.2 1
884 NA 29 74.7 2
886 1582736 14 60.5 1
889 1310246 7 72 1
891 2139958 36 49.5 1
892 NA 4 55.9 2
897 NA 12 47.7 1
911 NA 14 21.6 1
913 4668042 3 45.6 1
916 7226151 19 33.4 2
917 7298973 3 48.6 2
918 NA 28 74.9 1
927 7349674 28 41.1 1
930 3702322 20 41.7 1
931 8820710 15 42.3 1
935 NA 9 31.2 2
936 7440896 27 79.6 1
937 NA 13 20.9 2
939 3273709 11 45.7 2
941 NA 16 85.3 1
943 216640 33 72.8 1
946 NA 99 76 1
950 8263618 18 58.7 1
953 1159256 16 55 1
954 2263966 9 56.6 1
956 7022705 19 53.7 2
959 9352196 45 45.2 1
962 NA 50 78.6 2
967 5647657 6 45.2 2
968 7560954 97 61.7 1
970 260408 37 68.8 1
973 9606645 96 72.8 2
974 7745930 40 36.8 1
976 8243081 10 66.4 2
978 NA 20 53 2
982 9269238 36 48.6 1
987 NA 21 37.3 Vrouw
988 8058766 18 82.4 1
989 3246669 NA 14.2 2
990 5263940 24 75.9 1
996 3703703 9 81.7 2
1002 5272910 36 49.4 1
1004 53188 9 62.9 1
1010 NA 30 72.2 1
1012 1569630 56 60.1 1
1018 234365 18 72.6 2
1020 2091528 13 68.2 1
1022 2233434 92 56.4 1
1025 417043 104 64.9 2
1029 281170 90 26.2 1
1031 NA 13 76 2
1035 5140632 2 33.5 1
1038 165912 173 64.7 1
1041 5021776 11 31.2 1
1047 1218620 42 49.5 1
1050 3595316 2 60 1
1051 2128436 68 62.1 1
1052 2417231 1 50.1 2
1053 NA 4 22.1 2
1060 7564082 5 48.4 1
1062 2195478 59 50.5 1
1064 NA 15 68.2 2
1065 5437667 20 57.9 2
1066 8318252 37 27.5 1
1067 9166643 37 72.3 2
1068 NA 25 64.7 1
1069 NA 6 43.2 2
1070 2294594 15 60 1
1071 5453144 5 45.2 1
1075 3202934 11 45.1 1
1078 1288324 5 76.3 1
1081 NA 18 61.9 1
1083 NA 8 68.8 2
1084 7298592 5 23.7 1
1087 NA 20 87.7 1
1088 3927919 106 26.3 2
1090 8253984 5 28.2 1
1094 3147944 67 60.4 1
1095 5071513 8 40.7 2
1100 9041268 17 80.1 1
1102 168567 126 52.2 2
1104 NA 15 31.4 1
1107 1534256 26 74.3 1
1108 6676302 13 77.7 1
1110 865644 16 49.8 1
1112 4278020 31 72.2 1
1113 8306370 13 49.2 1
1115 8324004 22 40.3 1
1118 NA 12 47.4 1
1121 6110525 24 51.6 2
1126 9310346 8 68.8 1
1127 135589 34 69.5 2
1128 NA 19 35.4 1
1131 4279386 NA 44.9 1
1141 7381890 8 20.8 1
1142 304500 91 68.4 1
1145 4381930 14 50.1 1
1151 262900 28 37.1 1
1160 5354748 13 48.3 1
1163 2182107 74 67.7 2
1164 2264302 17 62.4 1
1168 6229244 7 44.2 1
1173 6260616 NA 50.6 1
1174 320250 37 31.7 1
1175 6346506 18 18.2 1
1178 9112084 NA 73.2 1
1181 1210900 28 47.6 1
1187 4180856 NA 59.7 1
1188 6054708 2 63.3 1
1191 9620488 44 74 1
1201 9327212 NA 58 1
1203 4047415 47 75.4 2
1204 3282017 12 67.1 2
1205 4832891 23 78.4 2
1209 4028806 45 57.5 1
1215 3437240 82 75.8 1
1220 4264376 5 35 1
1223 9162717 125 43.4 2
1226 9220338 9 77 1
1229 7192745 82 74.2 2
1231 5330696 6 68.8 1
1233 2202829 5 71.4 2
1237 NA 10 80.6 2
1241 4295949 12 61.6 2
1247 315755 31 56.1 2
1248 2627152 31 31.1 1
1251 8228568 NA 68.7 1
1256 4081124 11 64.4 1
1261 2342788 7 38.7 1
1262 4344172 5 47.8 1
1264 9631885 6 69.6 2
1268 5508674 4 27.7 1
1272 2815407 9 72.5 2
1273 NA 5 57.7 2
1278 2383107 NA 52.4 2
1279 7193869 18 62.1 2
1282 NA 4 59.4 1
1287 9320663 143 72.5 2
1288 8842867 71 67.9 2
1292 7100881 NA 47.8 2
1298 6779912 72 36.4 1
1300 8524041 88 54.1 2
1302 2080488 75 71.7 1
1305 7170377 6 31.3 2
1307 658862 17 38.8 1
1308 8337420 44 64.2 1
1311 9329711 65 77.1 2
1313 6153370 12 42.7 1
1314 4135006 5 55.8 1
1316 6246172 41 30.1 1
1318 4578040 119 61.6 1
1320 9364532 23 69.4 1
1332 3512413 19 67.7 2
1333 9366332 11 37.8 1
1336 2937513 24 38.8 2
1339 7457283 NA 42.9 2
1343 6608638 1 59.9 1
1344 1119431 6 63.6 2
1345 5365724 15 80.8 1
1346 5226366 31 68.1 1
1348 8021238 31 44.4 1
1349 9279209 11 73.8 2
1352 2684371 9 74.4 2
1353 2728288 1 43.4 1
1354 1170186 2 79.5 1
1358 7134645 19 65.1 2
1360 5201710 6 49.6 1
1362 4373890 21 79.4 1
1363 1342909 NA 43.3 2
1368 6803460 5 45.8 1
1371 5188318 219 57.5 1
1372 3348651 100 32.7 2
1376 1872691 23 61.6 2
1377 5076974 95 54.9 1
1380 3739202 4 36 1
1381 4344484 18 56.8 1
1382 8190696 22 72.2 1
1385 3369102 23 41.1 1
1386 3386920 31 61.1 1
1388 6276050 7 52.6 1
1389 3836089 12 62.9 2
1391 0 NA 71.3 2
1394 7471583 6 60.6 2
1397 9391506 30 79.7 1
1400 5054828 24 68.4 1
1402 7346232 3 75.4 1
1404 301110 89 71 1
1406 6446717 102 71.6 2
1408 6908319 60 72.6 2
1411 2312316 16 92.4 1
1413 NA NA NA NA
1415 1043598 22 45.4 1
1416 7395894 7 22 1
1417 8394546 4 43 1
1418 3359705 9 54.4 2
1421 3319709 4 42.3 2
1422 3337624 1 41.2 1
1423 7648219 242 65.7 2
1424 9332853 42 75.9 2
1425 3149582 3 55 1
1426 7488778 8 53.3 1
1427 5034097 4 71.3 2
1428 2266909 24 23.7 2
1429 6394428 16 23.5 1
1431 5831757 27 59.7 2
1432 3965828 12 41 1
1435 2451098 7 55.3 1
1437 468826 11 47.3 1
1438 6054189 15 51.4 2
1441 7817618 3 53.8 1
1446 8058479 110 56.5 2
1448 3598988 7 48.6 1
1449 4083744 9 62 1
1452 6323201 20 60.4 2
1454 7497314 17 43.7 1
1455 4512338 7 61.2 1
1457 7584956 NA 76.9 1
1459 7021238 41 70.2 1
1460 9115550 7 68.7 1
1461 6179860 9 55.4 1
1463 463474 0 54.7 1
1464 7641262 65 85.5 1
1465 183598 2 57.4 1
1466 3274338 7 54.5 1
1470 7348305 119 44.6 2
1471 1409290 58 41.7 1
1478 1230764 58 54.8 1
1480 5347308 4 65.4 1
1481 8088847 97 77.2 2
1482 9201312 0 40.9 1
1487 1432954 14 73.2 1
1489 8415404 23 69.7 1
1490 6076814 53 54.8 1
1492 418264 1 74.9 1
1493 4424316 61 24.8 1
1495 7695481 70 58.7 2
1498 4516943 16 55.7 2
1500 2156700 23 75 1
1503 6160762 6 74.3 1
1504 299520 12 40.4 1
1505 9203923 77 71.5 2
1507 6725844 113 62.3 1
1508 3084502 19 68.4 1
1511 7964330 5 31.1 1
1513 6416520 9 31.8 1
1517 8020986 2 53.1 1
1520 943548 0 56.8 1
1526 4312498 76 49.2 1
1528 5596477 23 64.5 2
1530 7196304 2 49.9 1
1534 6432232 8 39.5 1
1536 1432202 2 41.9 1
1541 9432394 21 68.8 1
1550 6029010 3 41.5 1
1554 3721642 3 78 1
1555 2900980 4 37.9 1
1556 2348992 10 65.6 1
1559 3438498 18 30.8 1
1566 6131865 47 62.8 2
1570 9437763 198 61.9 2
1571 4443500 26 68.4 1
1572 1343446 106 25.1 1
1573 5454551 12 46.8 2
1582 7391420 196 61.5 1
1583 3203772 8 78.2 1
1585 4568442 6 51.3 1
1586 3101444 30 55.8 1
1588 5117214 77 49.6 1
1589 8410009 9 42.3 2
1590 3722325 139 66.3 2
1591 6023314 6 58.9 1
1592 6438124 6 52.9 1
1596 411929 69 70.1 2
1598 4441500 12 44.4 1
1604 7061372 150 51.6 1
1607 1057404 14 55.1 1
1608 7089851 39 72.1 2
1612 6454614 7 51.6 1
1615 7070894 103 66 1
1616 4455408 6 40.8 1
1618 3353432 62 45.1 1
1619 2373336 104 33.3 1
1620 355942 122 44.6 1
1621 9363391 6 55.1 2
1622 5402302 33 66.3 1
1623 4641 49 71.1 2
1624 3029091 NA 81.6 2
1625 7627224 8 51.1 1
1629 5248499 203 45.9 2
1630 5343547 12 70.8 2
1633 1118837 19 59 2
1634 2291909 150 85.3 2
1643 6821350 26 76.1 1
1646 4145022 7 43 1
1650 2470074 12 37.4 1
1652 1428865 8 74.1 2
1659 8994507 5 60.3 2
1661 8161894 3 48.1 1
1667 1414984 4 22.8 1
1668 6675580 64 50.8 1
1669 9300623 14 73.3 2
1671 1060268 65 63.8 1
1675 6884744 NA 50.8 1
1677 671170 9 39.3 1
1678 5110870 56 63.1 1
1681 7235592 6 31.3 1
1683 1401739 11 53.7 2
1685 5440909 38 71.9 2
1687 9889692 9 44.9 1
1689 7470176 2 61.5 1
1690 9435849 34 50.7 2
1691 481880 6 57.1 1
1692 3440519 1 57.2 2
1698 2111657 20 37.5 2
1699 9441055 0 42.8 2
1700 8485165 86 58.9 2
1703 480164 53 49.7 1
1706 5195870 65 70.7 1
1707 9069938 0 45.3 Vrouw
1710 8228737 15 67.8 2
1711 8076388 3 63.6 1
1713 4023428 8 83.3 1
1715 7643306 3 58.1 1
1718 5379216 11 75.2 1
1721 2490592 11 60.3 1
1723 3487974 6 52.6 1
1725 7045634 12 75.2 1
1726 253594 15 79.5 1
1729 1072350 52 72.3 1
1730 1475916 30 78.9 1
1734 7521609 5 32.9 2
1737 24470 53 52.8 1
1738 3532858 21 86.6 1
1741 5747250 29 64.7 1
1744 8963618 79 60.3 1
1745 9212390 21 68.2 1
1750 9656080 68 80.6 1
1754 6624249 16 82.9 2
1755 5000800 14 59.5 1
1756 4039698 8 40.8 1
1759 7512910 37 73.9 1
1761 101350 26 51.5 1
1762 204043 105 50.3 2
1764 3514978 8 64.2 1
1765 6241762 3 34.5 1
1766 6031832 3 57.7 1
1767 1447271 3 50.9 2
1772 2519070 9 51.6 1
1779 5380624 NA 46.4 1
1786 5255212 9 44.9 1
1787 2280062 3 54 1
1788 3476943 12 48 2
1791 1501892 14 52.7 1
1795 NA 42 72.8 1
1796 3736275 3 48.9 2
1798 5413104 26 62.9 1
1800 9598680 4 64.1 1
1804 4296361 3 67.3 2
1806 4153868 6 61.4 1
1807 NA 9 57.7 2
1808 2253500 3 61.3 1
1809 5034905 NA 67.3 2
1813 3270774 44 81.2 1
1823 8540669 18 77.4 2
1824 6886392 8 60.9 1
1825 745596 3 35.8 1
1830 6229681 86 80.9 2
1833 5383314 10 69.4 1
1837 2544974 38 73.3 1
1838 3518751 11 59.2 2
1841 3671608 3 53 1
1845 5186550 5 53.7 1
1847 6951351 11 52.3 2
1856 4102726 3 57 1
1859 3005880 37 60.3 1
1860 560098 13 49.1 1
1862 5369624 26 63.9 1
1863 542856 9 34 1
1866 4595981 28 58.4 2
1869 4866476 3 36.3 1
1870 2916694 13 38.5 1
1875 6547786 13 34.3 1
1878 1153114 10 77.1 1
1881 7553580 16 51.5 1
1884 6204472 25 55.8 1
1886 1151466 12 37.8 1
1888 3140759 90 50.2 2
1891 4891358 11 34.9 1
1892 5116152 31 79.9 1
1893 7563228 51 74.1 1
1896 5537091 16 57.3 2
1900 4379544 3 51.3 1
1901 3321849 32 63.6 2
1903 6120104 8 68 1
1904 2517685 63 74 2
1905 6552140 8 20.5 1
1911 8522289 22 70 2
1914 3624392 12 54.2 1
1916 3136220 3 39.5 1
1917 34781 36 75 2
1918 5289702 54 59.9 1
1919 8572550 6 22 1
1923 1569282 11 20.6 1
1926 9058754 14 51.3 1
1928 7360106 48 65.1 1
1929 7736194 14 58 1
1931 6126553 23 33.9 2
1934 8579334 7 55.4 1
1941 538327 46 60.7 2
1943 6319627 32 76.6 2
1946 1601920 13 78.7 1
1947 3221970 6 35.6 1
1948 5631085 10 61.3 2
1957 7588404 25 29.3 1
1958 5110934 53 55.5 1
1961 5547789 NA 64.4 2
1962 470824 17 61.8 1
1965 9426582 3 18 1
1966 2670418 6 42.5 1
1968 4418380 20 45.3 1
1973 3900221 26 69.6 2
1976 3258594 33 65.6 1
1978 7901182 5 66.1 1
1979 42757 5 49.7 2
1982 6502383 29 72.5 2
1983 6559760 52 65.3 1
1984 6901190 24 38.3 1
1985 3508456 5 61.8 1
1986 3652546 23 49.3 1
1988 4906032 5 21.1 1
1990 6055721 35 77.2 2
1991 4940076 5 60.5 1
1992 5905150 10 73.3 1
1996 326624 4 63.7 1
2000 2320436 11 71.4 1
2001 1908450 11 64 1
2002 8437415 47 65.9 2
2003 6674834 3 37.9 1
2004 2376325 51 53 2
2007 3521518 3 54.9 1
2008 4910313 49 52.6 2
2012 3834868 12 39.3 1
2016 5068160 NA 80.3 1
2021 4913232 68 74.4 1
2022 4914839 4 55.8 2
2023 6358826 14 51.5 1
2025 1915403 12 49.4 2
2027 6137643 22 66.3 2
2028 1591638 54 50.4 1
2029 5250363 56 67.2 2
2030 5919860 8 53.9 1
2031 2251010 4 53.2 1
2035 2663386 25 80 1
2036 3143626 11 59.8 1
2040 5696028 73 56.5 1
2044 9539748 18 50.4 1
2050 4020643 3 71.3 2
2051 2680270 19 36.1 1
2053 3445981 4 63.7 2
2057 3462463 24 30.5 2
2058 9411686 49 76.6 1
2061 4929148 3 45.6 1
2062 927616 3 73.7 1
2064 7986075 33 36.9 2
2066 5414800 3 46.8 1
2069 7342549 36 70.8 2
2071 8880743 12 64.8 2
2072 4229932 3 51.1 1
2073 9769684 9 36.2 1
2075 5231786 3 83.1 1
2076 3529306 4 45.2 1
2077 9343155 3 81.4 2
2078 5058508 82 73.9 1
2082 1936460 17 81.2 1
2083 4297642 69 82.6 1
2084 1287404 15 70.2 1
2086 6934400 3 77.6 1
2087 6116989 19 68.4 2
2088 6564555 20 69.2 2
2091 7945554 44 51.8 1
2094 945462 61 61.6 1
2096 6636747 23 52.5 2
2099 9949278 9 59.4 1
2101 2176202 3 54.4 1
2103 9199455 3 20.1 2
2104 977626 10 60.8 1
2107 6363230 3 63.1 1
2108 6950190 3 41.1 1
2111 8754169 20 88.8 2
2112 8522013 10 58.8 2
2114 197036 18 76.7 1
2117 958308 11 40.2 1
2119 2962302 40 73.9 1
2120 1864852 3 61.4 1
2121 5020153 40 40 2
2123 4526568 10 38.2 1
2125 8756145 5 32.3 2
2127 8094391 6 40.5 2
2128 9452905 68 78.5 2
2133 8032727 93 76.7 2
2134 1619384 72 66.5 1
2135 NA 221 70.2 1
2138 8480754 13 58.9 1
2141 3639183 49 83.7 2
2142 6163224 NA 34.3 1
2143 3139839 4 84.9 2
2144 1326281 10 54.3 2
2151 7387580 21 44.9 1
2153 7139169 6 48 2
2155 5013664 23 50.4 1
2156 9275519 119 74.6 2
2162 6305596 6 50.8 1
2163 856934 21 46 1
2164 3974504 47 21.4 1
2165 4488818 26 76.3 1
2166 3537256 6 56.4 1
2167 4963795 9 65.6 2
2170 1050116 26 71.7 1
2171 3104246 29 62.1 1
2174 4094294 17 38.1 1
2178 9416521 3 58.8 2
2180 7203436 53 54.1 1
2182 5978460 6 22.7 1
2183 436716 21 69.6 1
2185 76467 54 58.6 2
2186 5408011 61 76.1 2
2189 4097738 3 61.4 1
2191 6195795 23 42 2
2192 4216552 4 36.6 1
2193 7196042 8 42.8 1
2194 1451632 59 79 Vrouw
2195 2296510 18 44.9 1
2197 2945697 29 64.5 2
2198 5735228 126 62.4 1
2199 3087538 3 37.5 1
2201 6900215 55 31.7 2
2202 NA 8 38 1
2205 6972337 3 39.7 Man
2208 848834 8 36 Vrouw
2209 2474571 40 58.5 2
2210 228690 8 36.3 Vrouw
2213 5881443 24 42 2
2215 8780175 7 61.8 Man
2216 1575202 94 63.2 1
2217 1816618 38 45.9 1
2219 974375 3 65.3 2
2222 2980305 8 61 2
2223 4777470 3 55.1 Vrouw
2224 4615960 13 47.8 Vrouw
2226 6319212 3 42.6 1
2228 1229543 3 55 Man
2230 8516549 18 78 2
2231 584607 3 48 Man
2232 1994858 6 26.3 Vrouw
2233 9045687 21 59 2
2234 418817 8 69.1 2
2237 4289536 3 68.9 Vrouw
2243 5073156 7 54.9 1
2247 1944218 6 71.2 1
2248 3452413 3 45.9 2
2249 8021190 53 48.8 1
2250 471983 25 78.4 2
2251 7405298 13 18 1
2254 9287277 15 52.4 2
2256 9507240 31 66.8 1
2257 5218306 16 45.1 1
2259 6220637 3 68.7 Man
2260 8083667 16 76.1 2
2261 8640509 27 43.1 2
2262 7375637 8 19.2 Man
2263 5125522 3 71.1 1
2266 6471461 10 58.1 2
2274 3028888 3 45.1 1
2278 8293707 3 63.4 2
2283 8030778 9 50.4 1
2285 2679159 15 45.9 2
2286 6733 56 35.5 Man
2298 4901003 115 55.6 2
2299 7967262 3 43.5 1
2301 9010947 3 21.3 Man
2302 1468980 NA 56.9 1
2303 9083972 4 58 1
2305 7002486 56 61.4 1
2306 2708694 10 64.1 1
2307 3560808 3 47.6 1
2310 2123336 27 57.3 1
2316 1152092 3 72.6 1
2318 7275884 3 66.9 1
2319 6143608 24 75.6 Vrouw
2320 2037940 19 32 1
2321 9746884 3 26.8 1
2323 4120975 12 69.2 2
2326 7132886 16 62.1 1
2327 119573 3 43.3 Man
2331 1661220 6 53.3 Vrouw
2333 8413118 8 67.4 1
2334 1302169 17 69.4 2
2337 9445220 4 43.9 Vrouw
2340 8394354 3 47.8 Vrouw
2342 2712526 28 92.5 1
2343 2657284 3 24.7 1
2344 4467558 4 61 1
2345 5297361 NA 78.5 Man
2350 6796216 3 42.4 1
2355 44098 5 36.2 1
2357 6141638 11 65.4 1
2358 3393711 5 72.1 Man
2362 3943338 42 22.2 1
2363 6270620 4 46 1
2366 48050 3 46.9 Vrouw
2367 4642210 4 24.6 1
2371 3703279 3 66 2
2372 9021497 74 68.6 2
2373 7022011 6 29.2 Man
2374 48540 3 50 Vrouw
2375 3452798 7 61.7 1
2376 4504868 3 45.6 Vrouw
2377 4821534 28 43.6 Vrouw
2381 48860 3 39.8 1
2382 1127456 10 76.2 1
2385 1370816 3 40.7 Vrouw
2386 9957677 4 39 2
2389 6037864 26 69.6 1
2391 9737752 147 49.8 1
2393 4745451 3 40.8 2
2397 1481422 13 72.1 Vrouw
2398 9115277 6 54.2 Man
2399 7172606 61 72.6 1
2401 61600 19 59.8 Vrouw
2404 3582437 12 38.5 Man
2407 6016347 6 69.8 Man
2408 5291414 100 89.4 1
2412 2135724 25 59.2 Vrouw
2414 3888302 3 55.7 1
2417 1408450 9 71 Vrouw
2419 44546 9 64.3 Vrouw
2423 2700490 3 65.7 1
2425 117870 92 72.2 1
2426 118718 86 66.5 1
2428 627637 7 67.3 2
2429 2795231 53 77.2 2
2431 2262121 110 51.6 2
2435 8329411 3 51.2 2
2436 721421 41 59.1 2
2437 2236663 9 65.6 2
2443 1365950 3 74.8 1
2444 2974386 3 38.1 1
2446 8468192 3 52.9 Vrouw
2447 4054474 6 32.4 Vrouw
2449 8308144 5 70.2 1
2451 7046748 5 61.1 1
2453 6116657 4 44.9 2
2454 6052044 3 41.5 1
2456 7062102 3 48 1
2461 1058608 23 75.9 1
2466 1069528 48 69.7 1
2467 4072582 3 18.2 Vrouw
2469 1925494 14 73.4 1
2470 9001832 63 17.2 1
2471 1240968 4 59.5 1
2472 6276545 6 57.5 Man
2473 202338 26 29 1
2475 1654547 29 47.9 2
2476 7421158 3 26.6 1
2480 8948614 3 56.6 1
2481 7548527 9 70.6 2
2484 5447335 4 52.5 2
2487 7024390 121 74.5 1
2490 2484417 10 60.8 Man
2491 5137537 41 75.8 2
2493 7935200 3 19.6 1
2497 7353929 23 47.4 2
2500 7234755 35 60.8 2
2503 6796202 11 48.8 1
2505 2059074 4 56.1 1
2506 1678259 24 76 2
2507 8790936 92 76.2 1
2508 9993948 3 33.6 1
2511 5053395 80 55.2 2
2515 4465486 8 55.4 1
2516 6302305 69 79.8 2
2519 7688542 10 46.9 1
2520 6631955 7 72 2
2524 996853 11 51.4 2
2530 8098408 201 36.4 1
2538 163564 20 75.8 1
2540 1115738 3 54 1
2545 7228226 17 71 1
2552 937898 10 70.6 1
2556 1082790 3 53.3 1
2563 2144564 18 66.9 1
2564 1126609 13 48.8 2
2565 9449450 3 64.9 1
2569 341117 33 87.2 2
2576 6584914 4 57.7 1
2577 1151589 64 61.2 2
2584 9664109 18 45.9 2
2585 7546419 126 65.4 2
2586 1615130 14 56.1 1
2592 3075182 24 58.8 1
2595 3214270 6 70.6 1
2596 191668 43 57.1 1
2601 5325825 6 85 2
2603 1839458 16 35.5 1
2605 3498991 27 62.4 2
2606 9418439 97 74.1 2
2609 171968 24 75.2 1
2615 5187596 27 56.1 1
2617 9667388 3 35.1 1
2618 306633 19 59.1 2
2619 5034002 124 66 1
2621 1788876 21 59.3 1
2622 4050928 26 84 1
2623 3858042 14 48.7 1
2624 2298376 4 33.4 1
2627 5730445 93 68.5 2
2628 7077809 4 40.1 2
2629 9032917 8 62.3 2
2630 8108774 17 76.4 1
2632 5233020 6 74.2 1
2634 7111062 3 36.8 1
2635 3586343 211 58.9 2
2649 2630380 3 55.5 1
2650 4186882 162 80.6 1
2655 8120728 17 26.5 1
2656 6376445 6 45.9 2
2657 6090776 3 55.3 1
2658 5094780 3 46.7 1
2659 9207116 49 46 1
2660 7140514 4 54.2 1
2661 2344836 3 81.9 1
2663 6509020 64 80.4 1
2665 3117064 14 26.6 1
2667 1202602 49 52.4 1
2668 6047168 7 72.6 1
2669 2122352 27 56.5 1
2670 5723432 24 37.8 1
2672 1121185 27 59.1 2
2674 1975958 3 21.3 1
2682 8673940 11 69.2 1
2685 88749 47 49 2
2689 6052846 5 65.9 1
2690 1083775 39 77.1 2
2692 8214535 58 63.1 2
2694 1430344 5 47.9 1
2703 5293987 113 63.1 2
2704 941560 3 54.7 1
2705 201063 3 54.5 2
2706 1808897 7 55.7 2
2707 4444938 4 54.6 1
2711 8124788 4 42.3 1
2718 7493791 9 61.9 2
2724 5819310 8 41.3 1
2726 3156594 89 45.9 1
2728 1491659 77 85.8 2
2730 101259 8 56.3 2
2735 4566623 10 63.6 2
2736 7043920 4 23.4 1
2737 7664209 15 59.6 2
2741 8102759 5 63.2 2
2743 1140674 11 65 1
2744 735576 29 47.4 1
2745 5734238 7 48.9 1
2747 7847042 56 65.9 1
2751 6014562 3 71.2 1
2752 8329469 7 46.6 2
2756 4129434 77 81.6 1
2758 740454 3 62 1
2760 4141900 18 65.9 1
2761 8762626 13 43.7 1
2762 3497104 3 41.6 1
2765 8016440 5 62.3 1
2766 7518236 48 75.7 1
2768 NA 12 81.3 2
2770 8276688 6 52.6 1
2772 7384447 38 70 2
2773 6302690 37 71.5 1
2782 1223864 25 52.3 1
2784 1323232 9 52.3 1
2788 5146938 3 58.2 1
2791 210575 5 64.8 2
2795 85350 7 35.8 1
2796 4321678 4 64.9 1
2802 1719592 9 45.5 1
2805 NA 3 43.2 1
2815 7365394 20 32.2 1
2816 3186530 4 54.2 1
2818 9176338 3 53.6 1
2820 9053779 15 49 2
2821 2205558 11 36.6 1
2824 4189554 10 66 1
2825 4491298 24 61.6 1
2830 662074 42 75.3 1
2840 9597403 219 73.1 2
2848 1130389 18 56.1 2
2850 4494257 10 58.3 2
2852 9131525 23 76.4 2
2855 1916108 156 56.3 1
2869 9134375 8 77.8 2
2870 4129170 22 60.5 1
2872 9309012 3 46.1 1
2875 8173116 3 52 1
2882 8198013 25 36.8 2
2885 3502535 3 73.4 2
2893 9683602 22 76.5 1
2895 3158909 19 64.7 2
3001 8282622 12 22.5 1
3004 2143125 7 61.7 2
3012 321226 30 63.1 1
3014 2143391 36 63.8 2
3024 8769496 3 40.9 1
3025 9292082 3 51 1
3026 4566435 4 55.4 2
3027 2154977 7 47.5 2
3031 7250624 4 31.2 1
3037 5063696 14 23.6 1
3044 8213814 3 73.9 1
3050 NA 3 38.9 1
3052 8017154 NA 43.7 1
3057 3505914 14 77.8 1
3058 3001142 3 31 1
3061 8156687 11 62.1 2
3069 NA 21 38.4 2
3077 7309830 25 51.5 1
3078 9106130 4 61.5 1
3079 259810 4 50.1 1
3084 1527522 13 60.6 1
3087 288901 37 48.8 2
3093 3363094 3 55.6 1
3097 4196746 93 21.4 1
3099 74182 13 49.5 1
3110 NA 13 76.6 2
3111 NA 4 72.2 1
3116 9921084 7 21.5 1
3120 9091790 12 68.8 1
3121 NA 5 63.4 1
3122 2204492 3 36.5 1
3127 NA 4 56.7 1
3132 2507467 273 75.3 2
3134 4168475 16 43.5 2
3140 9010737 25 70 2
3141 1531035 42 75.3 2
3143 NA 6 44.4 1
3146 NA 17 47.2 1
3150 NA 22 76.6 1
3151 8216135 3 62.8 1
3152 NA 4 66.6 2
3153 333889 3 33.7 2
3158 NA 3 57.3 2
3159 9275712 11 61.6 1
3162 9127860 3 57.5 1
3164 7474908 27 68.1 1
3169 4158998 3 57.8 1
3179 9203338 40 56.1 1
3183 1639386 24 39.9 1
3184 6226913 49 26.2 1
3185 8183697 15 51.1 2
3186 7617336 39 32.4 1
3187 3554823 12 67.3 2
3190 NA 14 72.1 2
3198 NA 3 55.5 1
3201 8229262 11 30 1
3207 9185184 3 74.1 1
3210 9232464 153 55.3 1
3214 8231157 11 63.7 2
3217 9202379 3 74.5 2
3225 2386837 10 38.2 2
3229 8861042 4 55.3 1
3240 3238626 19 57.3 2
3242 907606 11 58.7 1
3243 2238634 3 62.7 2
3244 3232560 18 61.8 1
3248 1378340 10 74.8 1
3251 NA 38 54.3 2
3252 5449035 52 63.2 2
3253 9695411 42 46.7 2
3254 5419739 19 72.1 2
3256 6581337 117 66.6 2
3258 5244202 119 23.7 1
3260 219472 57 64.4 1
3261 7092945 38 69.4 2
3267 7244302 7 40.4 2
3271 1216782 23 64.9 1
3275 1372763 3 45.8 2
3280 NA 3 63.4 1
3281 397823 3 63.2 2
3288 1490048 24 58.9 1
3292 NA 5 49.3 1
3295 NA 10 52.6 2
3299 998891 16 65.1 2
3300 NA 3 27.3 2
3304 6257364 3 38.8 2
3305 7258451 31 68.3 2
3307 NA 3 65 1
3313 3512336 3 67.9 1
3323 NA 3 57.2 1
3327 NA 4 54.7 1
3334 NA 14 44 2
3340 NA 3 36.7 2
3342 5459673 5 52.6 2
3343 NA 3 37 1
3344 9791804 25 55.4 1
3348 NA 27 66.9 2
3358 NA 20 72.3 2
3360 3086432 30 68.2 1
3361 NA 4 53.6 1
3376 NA 3 77.9 1
3382 NA 3 41.8 1
3386 NA 3 37 1
3391 NA 3 53.4 1
3393 NA 10 39.4 1
3394 2092352 19 50.8 1
3396 NA 3 27.5 1
3397 NA 15 71.6 1
3404 7365710 4 40.5 1
3405 994796 39 38.8 1
3414 3160982 6 60.5 1
3420 9253244 11 47.3 2
3425 9264742 3 59.7 1
3427 3530808 3 74.9 1
3428 1213001 22 50.6 2
3430 NA 8 72.2 1
3436 9293972 21 66.4 1
3439 1218150 3 24.5 1
3440 4611796 8 39.1 1
3445 NA NA 33.2 1
3446 6291228 21 69.5 1
3448 NA 35 73.9 2
3450 9292352 4 54.3 1
3458 NA 21 64.1 1
3459 NA 3 48 1
3460 NA 11 64 2
3469 8288840 3 47.8 1
3471 NA 6 59.3 1
3472 NA 24 76.2 2
3475 NA 44 70.7 1
3476 5271332 9 54 1
3483 NA 6 71.7 1
3484 NA 3 48.1 1
3487 NA 205 67.8 1
3488 2640404 7 67.8 1
3494 2283525 37 65 2
3495 NA 18 48.3 1
3498 NA 18 66.9 1
3500 NA 26 56.5 2
3501 7144537 6 49.3 2
3511 NA 4 65.8 2
3516 NA 65 57.1 2
3517 7135113 5 20.5 2
3529 9115776 8 76.9 1
3530 2016906 68 61.5 1
3533 NA 15 56.4 1
3537 6072751 19.1 68.4 2
3540 1649432 3 38.7 1
3545 NA 4 55.3 2
3547 NA 14 24.9 2
3559 8328273 47.3 52.4 2
3560 NA 78.2 56.1 2
3561 NA 6.5 72.8 2
3563 8313388 49.8 47.5 1
3571 5495740 3 61 1
3575 NA 5.7 59.6 2
3576 9968929 10.2 70 2
3579 6345277 4.7 55.9 2
3581 6298634 11.6 70.1 1
3582 NA 130 77.3 1
3591 9487588 5.5 52.8 1
3593 NA 8.7 60.7 1
3597 2098682 3 46.2 1
3598 2436030 3 64.8 1
3603 NA 11.1 45.7 1
3606 NA 3 63.2 2
3607 NA 3 66.7 1
3608 9898056 3 51.5 1
3609 NA 48.2 69.4 2
3614 8467808 12.1 41.9 1
3616 NA 17.8 57.3 2
3617 NA 113.2 73.7 1
3618 NA 3 33.9 1
3619 NA 30.1 53 1
3622 NA 3 52 2
3623 2452402 61.9 72.9 1
3625 NA 11.8 47.9 1
3628 3347399 5.9 48.8 1
3630 NA 3 65.1 2
3631 6348114 66.8 81.1 2
3637 NA 5.7 70.2 1
3638 7348781 3 30.4 1
3639 7349466 8.6 64.5 1
3640 1812254 5.8 72.6 1
3649 9352168 3.8 31.6 1
3652 NA 78.1 74.8 2
3655 NA 38.9 48.8 1
3656 1460083 9.4 34.1 2
3657 NA 99.6 52.6 2
3658 3037356 46.6 73.7 1
3659 NA 3 32.4 1
3660 NA 3 62.7 2
3661 9035840 3 24.2 1
3662 104300 17.2 61.4 1
3664 6307135 3.3 57.2 1
3665 3539254 3 32.3 1
3667 6358841 37.3 77.5 1
3668 8202464 3.5 74.1 1
3670 NA 52.7 71.2 1
3675 NA 7.8 67.1 2
3678 6359754 3 42.1 2
3685 NA 3 42.5 1
3686 4562146 6.1 43.1 1
3688 NA 9.1 58.6 2
3689 NA 36.9 67.1 2
3694 8129908 98.2 57.6 1
3696 8055950 3 21 1
3699 6118066 34.7 68.3 1
3703 NA 28.5 71.9 1
3704 6301710 8.7 42.5 1
3706 NA 14.9 45.3 1
3707 4057983 9.6 76 2
3711 4928735 14.4 72.9 2
3714 NA 24.8 46.1 2
3717 NA 3 55.3 1
3723 NA 9.2 54.6 1
3727 3696966 30.8 55.8 1
3730 NA 39.6 77.5 1
3731 NA 9.5 74.3 1
3732 9594595 21.4 64.8 2
3733 NA 3 80.2 2
3734 NA 5.6 19.1 1
3735 NA 3 41 1
3736 NA 14 72.6 2
3743 8531432 3 60.9 1
3745 NA 20.6 47.9 2
3746 NA 6.2 61 2
3752 NA 14.7 59.7 2
3756 7740392 13.5 56.5 1
3762 59320 25.8 60.1 1
3764 NA 3.9 49.7 1
3766 7386098 10.2 31.3 1
3770 7715988 47.5 29 1
3786 6368785 41.7 60.8 2
3794 9529720 26.4 72.8 1
3795 NA 18.4 55 1
3796 6662473 62.7 51.7 2
3797 NA 17 57 2
3803 6218400 3 53.9 1
3804 5019666 8.6 62.7 1
3806 NA 5.7 49.3 1
3811 5400748 3 43.7 1
3818 NA 47.6 79.3 2
3821 4000913 24.1 52.5 2
3822 NA 7.1 72.4 1
3825 NA 22.9 72.6 1
3829 NA 7.8 79.4 2
3830 7225840 3.7 62.8 1
3834 NA 10.1 89.9 2
3836 NA 3.7 62.8 1
3837 5069558 NA 70.9 1
3838 4237876 3 77.1 1
3841 362328 3 64.3 1
3843 2498366 36.9 59.1 1
3844 NA 20.2 53.8 1
3848 7078345 25.9 67.8 2
3849 NA 16.5 81.3 1
3854 9718800 16.2 29.1 1
3855 7699400 55.5 61.1 1
3859 NA 80.8 77 1
3863 NA 4.9 63.1 1
3866 NA 12.7 35.6 1
3873 NA 3 54.2 1
3877 NA 6.7 47.4 1
3878 NA 8.5 50 1
3880 NA 9 74.7 2
3889 NA 96 74.3 1
3892 NA 4.6 69.5 1
3893 NA 23.6 56.4 1
3905 NA 3 65.3 2
3907 NA 8 66.3 2
3908 NA 3 57.5 2
3911 NA 5.4 69.8 1
3913 6117052 3 66.9 1
3914 NA 25.3 68.8 2
3915 NA 3.3 54.3 1
3923 NA 11.2 50.1 1
3930 NA 3 78.1 2
3931 5193504 5.7 69.9 1
3932 9555851 29.6 64.8 2
3936 NA 46.7 78 2
3941 NA 3 76.9 1
3942 NA 3 57.4 1
3943 7346240 5 63.1 2
3946 NA 3 67.2 2
3948 NA 3 24.4 1
3951 NA 24.9 69.2 2
3955 1538299 8.9 44.8 2
3963 NA 22.2 49.1 1
3966 NA 39 80.6 2
3969 NA 47.6 72.1 1
3971 NA 49.9 72.6 2
3976 NA 4.5 75.6 2
3979 NA 129.4 81.5 2
3981 NA 3 47.7 2
3985 NA 6 56.4 1
3993 NA 3 63 2
3994 NA 23.8 68.9 1
4004 NA 68.2 86.2 1
4007 NA 9.2 82.1 2
4008 NA 3 36.7 1
4010 NA 4 33.8 1
4013 NA 23.8 58.2 2
4019 NA 28.3 65 2
4020 NA 4.8 64.7 2
4022 NA 33.9 67.3 2
4025 NA 6.8 76.5 1
4026 NA 22.9 72.6 1
4027 NA 17.5 65 1
4030 NA 19.9 52.6 2
4033 NA 3 69.3 1
4036 NA 55.6 74.8 1
4042 NA 34.8 59.9 1
4047 NA -1.1 64.2 1
4058 NA 6 54 2
4061 NA 6.9 27.2 1
4066 NA 48.1 61.6 1
4072 NA 113.6 60.3 2
4074 NA 15.3 62.6 1
4083 NA 3 54.7 1
4085 NA 3.7 73.6 2
4088 NA 5.1 54.4 1
4090 NA 22.8 67.2 2
4092 NA 6 85.8 1
4093 NA 43.9 68.7 2
4100 NA 14.6 43.6 1
4105 NA 3.9 55.9 1
4108 NA NA 55.3 1
4109 NA 7.2 34.2 2
4118 NA 13 68.5 2
4119 NA 5.8 62.7 1
4121 NA 3 68.7 1
4122 NA NA 78.5 2
4123 NA 38.9 23.5 1
4124 NA 15.9 51.5 2
4132 NA 8.3 53.8 1
4133 NA 3 61.4 1
4136 NA 3 66.3 1
4137 NA 3 41.7 1
4140 NA 9.7 77.7 1
4141 NA 35.7 64.1 1
4149 NA 3.4 53.8 1
4151 NA 6.2 77.9 1
4152 NA 59.7 68.7 1
4164 NA 18.4 65.8 2
4166 NA 6.6 68.3 1
4167 NA 13.9 78.2 1
4170 NA 48.7 64.2 2
4172 NA 77.6 50.3 1
4174 NA 74.7 60.3 2
4180 NA 8.9 51.9 1
4181 NA 31.2 66.8 1
4183 NA 15.4 55.9 1
4190 NA 45.8 80.4 1
4191 NA 3 81.1 2
4192 NA 13.6 64.1 1
4193 NA 6.9 48.4 2
4195 NA NA 70.6 1
4198 NA 20.5 52.9 2
4201 NA 3.2 50.9 1
4204 NA 27.4 70.8 1
4206 NA 15.6 73.7 2
4209 NA NA 59.7 1
4211 NA 12 61.4 2
4213 NA 7.5 50.1 1
4215 NA 3 35 1
4218 NA 7.4 74.8 1
4219 NA 98.7 67.9 2
4223 NA 8.4 74.4 1
4228 NA NA 57 1
4230 NA 3 64 1
4231 NA 57.5 62.9 1
4232 NA NA 78.5 2
4235 NA 24.2 63.1 1
4242 NA 7.5 25.2 2
4247 NA 3 60.3 1
4249 NA 3 55.3 1
4254 NA 75.5 61.7 1
4255 NA 12.2 45.2 2
4257 NA 11.4 57 2
4259 NA 53.9 68.3 2
4261 NA 45.2 56.5 1
4262 NA 30.5 42.9 2
4263 NA 12.8 53.4 1
4264 NA 13 54.4 1
4268 NA 15.5 45.5 2
4273 NA 7 44.3 1
4274 NA 86.6 56.9 2
4276 NA 3.2 75.9 2
4277 NA 8.9 17.3 1
4279 NA 13 37.9 1
4283 NA 23.7 45.7 2
4285 NA 3 52.3 1
4288 NA 14.6 77.7 2
4289 NA 42.8 83.1 2
4291 NA 70 44.8 1
4292 NA 10.5 79.2 1
4294 NA 3.2 62.7 2
4301 NA 20.9 58.8 1
4302 NA 3.9 57.1 1
4304 NA 18.7 61.9 2
4314 NA 69.2 65 1
4316 NA 29.2 64.9 1
4321 NA 10.6 72.4 1
4324 NA 34 55.8 1
4326 NA 4.4 87.1 2
4327 NA 93.4 84.8 1
4342 NA 3 71.8 1
4345 NA NA 68.1 2
4349 NA 6.4 23.2 1
4359 NA 3 59.5 1
4368 NA 25.5 76.6 1
4372 NA 8.9 69.1 2
4373 NA 33.2 68 1
4375 NA 9.1 68.8 1
4377 NA 8.7 43.3 1
4378 NA 4.1 66.8 1
4379 NA 11 64.7 2
4380 NA 6.9 77.2 1
4385 NA 4.6 63.9 1
4386 NA 7.8 73.5 1
4388 NA 7.6 65.3 2
4389 NA 13.5 73.9 2
4390 NA 11.2 70.9 1
4393 NA 46.7 54.1 2
4394 NA 14.1 74.7 1
4395 NA 24.1 63.8 1
4398 NA 6.7 54.1 1
4401 NA 69.6 70.4 2
4402 NA 3 52.2 1
4409 NA 63.3 80.3 1
4413 NA 38.4 47.9 2
4414 NA 58.4 68.8 1
4420 NA 12.4 57.4 2
4421 NA 13 49.9 2
4422 NA 3 71.9 1
4430 NA NA 52 1
4438 NA NA 29.8 1
4440 NA NA 79.5 2
4443 NA NA 68.7 2
4444 NA NA 75.3 1
