CHR	SNP	BP	A1	TEST	NMISS	OR	SE	BETA	L95	U95	STAT	P
1	1:24470644:A	24470644	A	ADD	103	0.7219	0.8107	-0.32586865383702174	0.1474	3.536	-0.4021	0.6876
1	1:157755145:T	157755145	T	ADD	105	5.83	0.9754	1.763017000362401	0.8618	39.45	1.807	0.07069
2	2:4117199:G	4117199	G	ADD	104	1.027	0.3871	0.026641930946421092	0.4809	2.193	0.06892	0.9451
2	2:4118282:G	4118282	G	ADD	104	0.855	0.4261	-0.15665381004537685	0.3709	1.971	-0.3677	0.7131
2	2:4122930:T	4122930	T	ADD	104	0.7761	0.4406	-0.2534739011220439	0.3272	1.841	-0.5753	0.5651
2	2:4123862:T	4123862	T	ADD	101	0.9441	0.4898	-0.057523186243666126	0.3615	2.466	-0.1173	0.9066
2	2:4126194:A	4126194	A	ADD	102	1.064	0.4237	0.0620353909194527	0.464	2.442	0.1473	0.8829
2	2:4136145:G	4136145	G	ADD	103	0.9618	0.3727	-0.038948750138574795	0.4633	1.997	-0.1044	0.9169
2	2:173582283:C	173582283	C	ADD	103	1.733	0.7053	0.5498540107334691	0.435	6.906	0.7799	0.4355
2	2:179380096:G	179380096	G	ADD	103	0.3481	0.6537	-1.0552654841647438	0.09666	1.254	-1.614	0.1065
2	2:179380165:G	179380165	G	ADD	103	0.3481	0.6537	-1.0552654841647438	0.09666	1.254	-1.614	0.1065
2	2:179381323:G	179381323	G	ADD	103	0.519	0.4333	-0.6558513958162484	0.222	1.213	-1.514	0.1301
2	2:179381715:C	179381715	C	ADD	103	0.8029	0.4711	-0.2195251057914988	0.3189	2.022	-0.4659	0.6413
2	2:179382809:G	179382809	G	ADD	103	0.3481	0.6537	-1.0552654841647438	0.09666	1.254	-1.614	0.1065
2	2:179384417:C	179384417	C	ADD	103	0.519	0.4333	-0.6558513958162484	0.222	1.213	-1.514	0.1301
2	2:179388490:A	179388490	A	ADD	103	0.3481	0.6537	-1.0552654841647438	0.09666	1.254	-1.614	0.1065
2	2:179388657:A	179388657	A	ADD	103	0.3481	0.6537	-1.0552654841647438	0.09666	1.254	-1.614	0.1065
2	2:179388994:G	179388994	G	ADD	105	0.3785	0.6399	-0.9715392061046336	0.108	1.327	-1.518	0.1289
2	2:179392080:T	179392080	T	ADD	105	0.3785	0.6399	-0.9715392061046336	0.108	1.327	-1.518	0.1289
2	2:179398823:A	179398823	A	ADD	105	0.3785	0.6399	-0.9715392061046336	0.108	1.327	-1.518	0.1289
2	2:179411665:G	179411665	G	ADD	105	0.6361	0.4965	-0.4523994952973785	0.2404	1.683	-0.911	0.3623
2	2:179421470:G	179421470	G	ADD	105	0.3785	0.6399	-0.9715392061046336	0.108	1.327	-1.518	0.1289
2	2:179421694:G	179421694	G	ADD	105	0.5763	0.4219	-0.5511269205395163	0.2521	1.318	-1.306	0.1914
2	2:179427536:C	179427536	C	ADD	104	0.57	0.4222	-0.5621189181535413	0.2492	1.304	-1.331	0.183
2	2:179430997:A	179430997	A	ADD	105	0.6361	0.4965	-0.4523994952973785	0.2404	1.683	-0.911	0.3623
2	2:179443217:G	179443217	G	ADD	104	0.57	0.4222	-0.5621189181535413	0.2492	1.304	-1.331	0.183
2	2:179444137:G	179444137	G	ADD	105	0.6361	0.4965	-0.4523994952973785	0.2404	1.683	-0.911	0.3623
2	2:179444939:T	179444939	T	ADD	105	0.5941	0.5031	-0.5207076236204413	0.2216	1.593	-1.035	0.3007
2	2:179447848:C	179447848	C	ADD	104	0.57	0.4222	-0.5621189181535413	0.2492	1.304	-1.331	0.183
2	2:179448911:A	179448911	A	ADD	104	0.9964	0.4944	-0.003606495594111744	0.3781	2.626	-0.00737	0.9941
2	2:179451420:A	179451420	A	ADD	105	0.5763	0.4219	-0.5511269205395163	0.2521	1.318	-1.306	0.1914
2	2:179457147:A	179457147	A	ADD	105	0.3785	0.6399	-0.9715392061046336	0.108	1.327	-1.518	0.1289
2	2:179458591:T	179458591	T	ADD	105	0.3785	0.6399	-0.9715392061046336	0.108	1.327	-1.518	0.1289
2	2:179462142:G	179462142	G	ADD	104	0.57	0.4222	-0.5621189181535413	0.2492	1.304	-1.331	0.183
2	2:179488194:T	179488194	T	ADD	104	0.5758	0.429	-0.5519949008040616	0.2484	1.335	-1.287	0.1982
2	2:179490478:C	179490478	C	ADD	104	0.8289	0.4537	-0.18765575838465653	0.3407	2.017	-0.4136	0.6791
2	2:179490785:T	179490785	T	ADD	104	0.5758	0.429	-0.5519949008040616	0.2484	1.335	-1.287	0.1982
2	2:179491235:G	179491235	G	ADD	105	0.5763	0.4219	-0.5511269205395163	0.2521	1.318	-1.306	0.1914
2	2:179514433:C	179514433	C	ADD	104	0.8074	0.4614	-0.2139360705632966	0.3269	1.994	-0.4636	0.643
2	2:179533609:C	179533609	C	ADD	104	0.6976	0.4909	-0.36010940638736716	0.2666	1.826	-0.7335	0.4633
2	2:179543217:T	179543217	T	ADD	104	0.5091	0.5322	-0.6751108180738468	0.1794	1.445	-1.268	0.2046
2	2:179547860:G	179547860	G	ADD	105	0.4764	0.5306	-0.7414974415009921	0.1684	1.348	-1.397	0.1623
2	2:179595117:G	179595117	G	ADD	105	1.177	0.4448	0.16296882827813972	0.4922	2.815	0.3667	0.7139
2	2:179753954:T	179753954	T	ADD	105	0.5293	0.7328	-0.6361999001181952	0.1259	2.226	-0.8681	0.3853
5	5:119175291:G	119175291	G	ADD	105	6.206	0.8801	1.8255165660261885	1.106	34.83	2.074	0.03804
5	5:119178721:A	119178721	A	ADD	103	2.841	0.6198	1.044156102872051	0.8432	9.574	1.685	0.09204
6	6:15324216:T	15324216	T	ADD	103	0.2855	1.87	-1.2535132498860722	0.007312	11.15	-0.6704	0.5026
6	6:40407468:A	40407468	A	ADD	96	2.54	1.04	0.9321640810304452	0.3308	19.5	0.8963	0.3701
6	6:69670142:C	69670142	C	ADD	105	0.9306	0.3719	-0.07192573957158893	0.449	1.929	-0.1933	0.8467
6	6:156289111:A	156289111	A	ADD	95	0.5809	0.4339	-0.5431766539836503	0.2482	1.36	-1.252	0.2107
6	6:166310711:A	166310711	A	ADD	105	0.9018	0.3557	-0.1033625129951532	0.4491	1.811	-0.2907	0.7713
7	7:140117809:C	140117809	C	ADD	73	1.93	0.4773	0.6575200029167941	0.7574	4.919	1.378	0.1683
8	8:18615706:T	18615706	T	ADD	96	0.9085	0.5205	-0.0959603911459112	0.3276	2.52	-0.1843	0.8538
8	8:18619231:G	18619231	G	ADD	101	1.192	0.5049	0.17563256864315796	0.4431	3.206	0.3479	0.7279
8	8:74435989:C	74435989	C	ADD	105	0.7314	0.5609	-0.3127947732668561	0.2436	2.196	-0.5577	0.5771
8	8:144550160:A	144550160	A	ADD	102	0.8454	0.9316	-0.16794539084944746	0.1362	5.248	-0.1803	0.8569
9	9:103934113:T	103934113	T	ADD	105	0.6328	0.4678	-0.45760086252869286	0.2529	1.583	-0.9783	0.3279
9	9:103934889:T	103934889	T	ADD	105	0.6328	0.4678	-0.45760086252869286	0.2529	1.583	-0.9783	0.3279
9	9:103940534:A	103940534	A	ADD	105	0.6328	0.4678	-0.45760086252869286	0.2529	1.583	-0.9783	0.3279
11	11:76755743:G	76755743	G	ADD	85	0.5719	0.5407	-0.5587911280608666	0.1982	1.65	-1.034	0.3013
11	11:76757355:A	76757355	A	ADD	85	0.5719	0.5407	-0.5587911280608666	0.1982	1.65	-1.034	0.3013
11	11:83471079:T	83471079	T	ADD	101	0.8601	0.6212	-0.15070661742470323	0.2545	2.906	-0.2426	0.8083
11	11:83480484:C	83480484	C	ADD	102	0.782	0.6171	-0.24590053843682594	0.2333	2.621	-0.3985	0.6903
11	11:83481941:C	83481941	C	ADD	104	1.014	0.5455	0.013902905168991434	0.3481	2.954	0.0254	0.9797
11	11:83482969:A	83482969	A	ADD	102	1.123	0.549	0.11600367575630613	0.383	3.295	0.212	0.8321
11	11:83489043:A	83489043	A	ADD	103	1.265	0.532	0.23507212217948348	0.4458	3.588	0.4414	0.6589
11	11:83489364:A	83489364	A	ADD	103	1.265	0.532	0.23507212217948348	0.4458	3.588	0.4414	0.6589
11	11:83489453:A	83489453	A	ADD	103	1.265	0.532	0.23507212217948348	0.4458	3.588	0.4414	0.6589
11	11:83498799:G	83498799	G	ADD	105	1.161	0.5017	0.14928170271575447	0.4344	3.105	0.2981	0.7656
11	11:83501966:C	83501966	C	ADD	105	1.161	0.5017	0.14928170271575447	0.4344	3.105	0.2981	0.7656
11	11:83502296:A	83502296	A	ADD	105	1.566	0.4494	0.4485245975686114	0.649	3.778	0.998	0.3183
11	11:83502789:A	83502789	A	ADD	105	1.566	0.4494	0.4485245975686114	0.649	3.778	0.998	0.3183
11	11:88125894:C	88125894	C	ADD	105	0.65	0.4368	-0.4307829160924542	0.2761	1.53	-0.9864	0.324
11	11:88131197:T	88131197	T	ADD	105	0.65	0.4368	-0.4307829160924542	0.2761	1.53	-0.9864	0.324
11	11:88133553:T	88133553	T	ADD	105	0.65	0.4368	-0.4307829160924542	0.2761	1.53	-0.9864	0.324
11	11:88150042:A	88150042	A	ADD	103	0.7787	0.4105	-0.2501294163991967	0.3483	1.741	-0.6093	0.5423
11	11:88150339:G	88150339	G	ADD	103	0.7787	0.4105	-0.2501294163991967	0.3483	1.741	-0.6093	0.5423
11	11:88152757:A	88152757	A	ADD	103	0.7101	0.4145	-0.3423494737940892	0.3151	1.6	-0.8259	0.4088
12	12:29088512:T	29088512	T	ADD	94	0.4739	0.7103	-0.7467589500085945	0.1178	1.907	-1.051	0.2931
12	12:67143038:T	67143038	T	ADD	104	0.3991	0.7371	-0.9185432669274488	0.09411	1.693	-1.246	0.2128
13	13:22740294:A	22740294	A	ADD	98	0.9973	0.4384	-0.002703651574314823	0.4223	2.355	-0.006166	0.9951
13	13:38357494:A	38357494	A	ADD	105	1.885	0.6334	0.6339278208999741	0.5447	6.522	1.001	0.3169
13	13:111423865:C	111423865	C	ADD	104	0.7864	0.3653	-0.24028971014918027	0.3844	1.609	-0.6577	0.5107
13	13:111425249:A	111425249	A	ADD	104	0.7864	0.3653	-0.24028971014918027	0.3844	1.609	-0.6577	0.5107
13	13:111426354:C	111426354	C	ADD	97	0.7737	0.3673	-0.2565710774267282	0.3766	1.589	-0.6986	0.4848
13	13:111427824:T	111427824	T	ADD	100	0.7075	0.3842	-0.34601764946474434	0.3332	1.502	-0.9007	0.3677
14	14:63155372:C	63155372	C	ADD	97	3.325	0.4695	1.2014696741078175	1.325	8.345	2.559	0.01049
15	15:90322711:A	90322711	A	ADD	87	1.377	0.3823	0.3199072197465178	0.651	2.914	0.8373	0.4024
15	15:91293809:G	91293809	G	ADD	105	0.5141	0.8167	-0.665337479920678	0.1037	2.548	-0.8148	0.4152
16	16:11223454:C	11223454	C	ADD	104	0.9513	0.3379	-0.04992580876972568	0.4905	1.845	-0.1478	0.8825
16	16:11283168:G	11283168	G	ADD	103	0.6398	0.46	-0.44659965146671937	0.2597	1.576	-0.9709	0.3316
16	16:11287290:A	11287290	A	ADD	105	0.6405	0.4824	-0.4455061576453482	0.2488	1.649	-0.9233	0.3559
16	16:77694817:G	77694817	G	ADD	96	0.6273	0.5136	-0.46633038387943954	0.2292	1.716	-0.9081	0.3638
16	16:77702804:C	77702804	C	ADD	95	0.6723	0.5141	-0.39705060950714605	0.2455	1.841	-0.7723	0.4399
17	17:6233478:C	6233478	C	ADD	105	1.354	0.4208	0.3030631744900833	0.5935	3.088	0.7198	0.4716
17	17:6236228:A	6236228	A	ADD	105	1.354	0.4208	0.3030631744900833	0.5935	3.088	0.7198	0.4716
17	17:13305606:A	13305606	A	ADD	93	0.8981	0.5521	-0.107473858305233	0.3043	2.65	-0.1946	0.8457
21	21:36312347:T	36312347	T	ADD	84	1.735	0.4807	0.5510074133988225	0.6764	4.452	1.147	0.2515
