CHR	SNP	BP	A1	TEST	NMISS	OR	SE	BETA	L95	U95	STAT	P
1	1:24470644:A	24470644	A	ADD	101	0.7845	0.852	-0.2427087068090498	0.1477	4.167	-0.2849	0.7757
1	1:157755145:T	157755145	T	ADD	103	6.755	1.128	1.910282971412162	0.741	61.58	1.694	0.09024
2	2:4117199:G	4117199	G	ADD	102	1.044	0.4178	0.04305948946044701	0.4603	2.368	0.1031	0.9179
2	2:4118282:G	4118282	G	ADD	102	0.8267	0.4627	-0.19031340672350713	0.3338	2.047	-0.4112	0.6809
2	2:4122930:T	4122930	T	ADD	102	0.7429	0.4784	-0.2971938328243765	0.2909	1.897	-0.6213	0.5344
2	2:4123862:T	4123862	T	ADD	99	0.8452	0.5238	-0.16818199324023547	0.3027	2.36	-0.3211	0.7481
2	2:4126194:A	4126194	A	ADD	100	1.092	0.4582	0.08801087732271337	0.4448	2.68	0.192	0.8477
2	2:4136145:G	4136145	G	ADD	101	1.072	0.4057	0.0695260626486103	0.4842	2.375	0.1719	0.8635
2	2:173582283:C	173582283	C	ADD	101	1.687	0.743	0.5229518035638313	0.3933	7.237	0.704	0.4814
2	2:179380096:G	179380096	G	ADD	101	0.4494	0.6346	-0.7998419192309082	0.1295	1.559	-1.26	0.2075
2	2:179380165:G	179380165	G	ADD	101	0.4494	0.6346	-0.7998419192309082	0.1295	1.559	-1.26	0.2075
2	2:179381323:G	179381323	G	ADD	101	0.5034	0.4527	-0.6863701962809217	0.2073	1.222	-1.516	0.1294
2	2:179381715:C	179381715	C	ADD	101	0.9004	0.4799	-0.10491616994955989	0.3515	2.307	-0.2185	0.827
2	2:179382809:G	179382809	G	ADD	101	0.4494	0.6346	-0.7998419192309082	0.1295	1.559	-1.26	0.2075
2	2:179384417:C	179384417	C	ADD	101	0.5034	0.4527	-0.6863701962809217	0.2073	1.222	-1.516	0.1294
2	2:179388490:A	179388490	A	ADD	101	0.4494	0.6346	-0.7998419192309082	0.1295	1.559	-1.26	0.2075
2	2:179388657:A	179388657	A	ADD	101	0.4494	0.6346	-0.7998419192309082	0.1295	1.559	-1.26	0.2075
2	2:179388994:G	179388994	G	ADD	103	0.4828	0.6275	-0.7281527897587606	0.1411	1.652	-1.16	0.2459
2	2:179392080:T	179392080	T	ADD	103	0.4828	0.6275	-0.7281527897587606	0.1411	1.652	-1.16	0.2459
2	2:179398823:A	179398823	A	ADD	103	0.4828	0.6275	-0.7281527897587606	0.1411	1.652	-1.16	0.2459
2	2:179411665:G	179411665	G	ADD	103	0.7391	0.4956	-0.302322049191296	0.2798	1.952	-0.6101	0.5418
2	2:179421470:G	179421470	G	ADD	103	0.4828	0.6275	-0.7281527897587606	0.1411	1.652	-1.16	0.2459
2	2:179421694:G	179421694	G	ADD	103	0.5671	0.4386	-0.5672196239621546	0.2401	1.34	-1.293	0.1959
2	2:179427536:C	179427536	C	ADD	102	0.5632	0.4387	-0.5741204741383044	0.2384	1.331	-1.309	0.1907
2	2:179430997:A	179430997	A	ADD	103	0.7391	0.4956	-0.302322049191296	0.2798	1.952	-0.6101	0.5418
2	2:179443217:G	179443217	G	ADD	102	0.5632	0.4387	-0.5741204741383044	0.2384	1.331	-1.309	0.1907
2	2:179444137:G	179444137	G	ADD	103	0.7391	0.4956	-0.302322049191296	0.2798	1.952	-0.6101	0.5418
2	2:179444939:T	179444939	T	ADD	103	0.6667	0.5049	-0.4054151093581228	0.2478	1.794	-0.8029	0.422
2	2:179447848:C	179447848	C	ADD	102	0.5632	0.4387	-0.5741204741383044	0.2384	1.331	-1.309	0.1907
2	2:179448911:A	179448911	A	ADD	102	1.165	0.51	0.15272108701766393	0.4289	3.167	0.3001	0.7641
2	2:179451420:A	179451420	A	ADD	103	0.5671	0.4386	-0.5672196239621546	0.2401	1.34	-1.293	0.1959
2	2:179457147:A	179457147	A	ADD	103	0.4828	0.6275	-0.7281527897587606	0.1411	1.652	-1.16	0.2459
2	2:179458591:T	179458591	T	ADD	103	0.4828	0.6275	-0.7281527897587606	0.1411	1.652	-1.16	0.2459
2	2:179462142:G	179462142	G	ADD	102	0.5632	0.4387	-0.5741204741383044	0.2384	1.331	-1.309	0.1907
2	2:179488194:T	179488194	T	ADD	102	0.5635	0.4446	-0.5735879455023061	0.2358	1.347	-1.29	0.1969
2	2:179490478:C	179490478	C	ADD	102	0.9079	0.4642	-0.0966210386044255	0.3655	2.255	-0.2081	0.8351
2	2:179490785:T	179490785	T	ADD	102	0.5635	0.4446	-0.5735879455023061	0.2358	1.347	-1.29	0.1969
2	2:179491235:G	179491235	G	ADD	103	0.5671	0.4386	-0.5672196239621546	0.2401	1.34	-1.293	0.1959
2	2:179514433:C	179514433	C	ADD	102	0.9	0.4725	-0.10536051565782628	0.3565	2.272	-0.223	0.8235
2	2:179533609:C	179533609	C	ADD	102	0.8351	0.4893	-0.18020380082295337	0.32	2.179	-0.3684	0.7126
2	2:179543217:T	179543217	T	ADD	102	0.6002	0.5295	-0.5104923459758703	0.2126	1.694	-0.964	0.335
2	2:179547860:G	179547860	G	ADD	103	0.5365	0.5285	-0.6226887169113839	0.1904	1.512	-1.178	0.2387
2	2:179595117:G	179595117	G	ADD	103	1.255	0.4527	0.22713557258374711	0.5166	3.047	0.5012	0.6162
2	2:179753954:T	179753954	T	ADD	103	0.4634	0.7543	-0.7691646669838612	0.1057	2.033	-1.02	0.3079
5	5:119175291:G	119175291	G	ADD	103	10.49	1.004	2.3504224224082058	1.467	75.05	2.342	0.01918
5	5:119178721:A	119178721	A	ADD	101	3.501	0.6595	1.2530486419725286	0.9612	12.75	1.9	0.05744
6	6:15324216:T	15324216	T	ADD	101	0.3431	1.823	-1.069733329117733	0.00963	12.22	-0.5868	0.5574
6	6:69670142:C	69670142	C	ADD	103	1.151	0.4006	0.14063112973974562	0.5248	2.524	0.3508	0.7258
6	6:156289111:A	156289111	A	ADD	93	0.7331	0.452	-0.3104731607525962	0.3023	1.778	-0.6868	0.4922
6	6:166310711:A	166310711	A	ADD	103	0.9002	0.3744	-0.10513831812330474	0.4322	1.875	-0.2807	0.7789
7	7:140117809:C	140117809	C	ADD	71	2.192	0.5398	0.7848143690857692	0.7607	6.313	1.453	0.1461
8	8:18615706:T	18615706	T	ADD	94	0.962	0.5626	-0.038740828316430595	0.3193	2.898	-0.0689	0.9451
8	8:18619231:G	18619231	G	ADD	99	1.143	0.5721	0.1336563848126736	0.3725	3.507	0.2336	0.8153
8	8:74435989:C	74435989	C	ADD	103	0.6145	0.5892	-0.48694634997604747	0.1936	1.95	-0.8264	0.4086
8	8:144550160:A	144550160	A	ADD	100	1.566	0.9657	0.4485245975686114	0.2359	10.39	0.4644	0.6424
9	9:103934113:T	103934113	T	ADD	103	0.3882	0.5473	-0.9462346082472272	0.1328	1.135	-1.729	0.08379
9	9:103934889:T	103934889	T	ADD	103	0.3882	0.5473	-0.9462346082472272	0.1328	1.135	-1.729	0.08379
9	9:103940534:A	103940534	A	ADD	103	0.3882	0.5473	-0.9462346082472272	0.1328	1.135	-1.729	0.08379
11	11:76755743:G	76755743	G	ADD	83	0.394	0.6415	-0.9314043696842031	0.1121	1.385	-1.452	0.1465
11	11:76757355:A	76757355	A	ADD	83	0.394	0.6415	-0.9314043696842031	0.1121	1.385	-1.452	0.1465
11	11:83471079:T	83471079	T	ADD	99	0.8842	0.656	-0.12307199758999424	0.2444	3.199	-0.1875	0.8513
11	11:83480484:C	83480484	C	ADD	100	0.7744	0.6477	-0.2556667430197698	0.2176	2.756	-0.3947	0.6931
11	11:83481941:C	83481941	C	ADD	102	0.9756	0.5771	-0.02470261264037181	0.3148	3.024	-0.04278	0.9659
11	11:83482969:A	83482969	A	ADD	100	1.11	0.5839	0.10436001532424286	0.3534	3.486	0.1788	0.8581
11	11:83489043:A	83489043	A	ADD	101	1.304	0.5622	0.26543646350446126	0.4333	3.926	0.4724	0.6366
11	11:83489364:A	83489364	A	ADD	101	1.304	0.5622	0.26543646350446126	0.4333	3.926	0.4724	0.6366
11	11:83489453:A	83489453	A	ADD	101	1.304	0.5622	0.26543646350446126	0.4333	3.926	0.4724	0.6366
11	11:83498799:G	83498799	G	ADD	103	1.169	0.5287	0.15614868248993138	0.4149	3.296	0.296	0.7672
11	11:83501966:C	83501966	C	ADD	103	1.169	0.5287	0.15614868248993138	0.4149	3.296	0.296	0.7672
11	11:83502296:A	83502296	A	ADD	103	1.375	0.4855	0.3184537311185346	0.531	3.561	0.6562	0.5117
11	11:83502789:A	83502789	A	ADD	103	1.375	0.4855	0.3184537311185346	0.531	3.561	0.6562	0.5117
11	11:88125894:C	88125894	C	ADD	103	0.7252	0.4606	-0.3213078001014411	0.2941	1.789	-0.6976	0.4854
11	11:88131197:T	88131197	T	ADD	103	0.7252	0.4606	-0.3213078001014411	0.2941	1.789	-0.6976	0.4854
11	11:88133553:T	88133553	T	ADD	103	0.7252	0.4606	-0.3213078001014411	0.2941	1.789	-0.6976	0.4854
11	11:88150042:A	88150042	A	ADD	101	0.8998	0.4287	-0.10558276257506509	0.3883	2.085	-0.2461	0.8056
11	11:88150339:G	88150339	G	ADD	101	0.8998	0.4287	-0.10558276257506509	0.3883	2.085	-0.2461	0.8056
11	11:88152757:A	88152757	A	ADD	101	0.7971	0.4322	-0.2267751375482595	0.3417	1.859	-0.5248	0.5997
12	12:29088512:T	29088512	T	ADD	92	0.3315	0.8496	-1.1041274693562197	0.0627	1.753	-1.3	0.1938
12	12:67143038:T	67143038	T	ADD	102	0.4481	0.7626	-0.8027388571900397	0.1005	1.998	-1.053	0.2925
13	13:22740294:A	22740294	A	ADD	96	1.23	0.4597	0.20701416938432612	0.4996	3.029	0.4506	0.6523
13	13:38357494:A	38357494	A	ADD	103	1.829	0.6566	0.6037693694087286	0.5049	6.622	0.9191	0.358
13	13:111423865:C	111423865	C	ADD	102	0.5886	0.399	-0.5300084431827646	0.2693	1.287	-1.328	0.1842
13	13:111425249:A	111425249	A	ADD	102	0.5886	0.399	-0.5300084431827646	0.2693	1.287	-1.328	0.1842
13	13:111426354:C	111426354	C	ADD	95	0.6001	0.401	-0.5106589709866699	0.2735	1.317	-1.273	0.2029
13	13:111427824:T	111427824	T	ADD	98	0.5172	0.4308	-0.6593256320844346	0.2223	1.203	-1.531	0.1259
14	14:63155372:C	63155372	C	ADD	95	2.386	0.4743	0.8696183236757244	0.9418	6.045	1.833	0.06674
15	15:90322711:A	90322711	A	ADD	85	1.492	0.4231	0.40011750178156913	0.651	3.42	0.9457	0.3443
15	15:91293809:G	91293809	G	ADD	103	0.551	0.857	-0.5960204698292225	0.1027	2.956	-0.6954	0.4868
16	16:11223454:C	11223454	C	ADD	102	0.7977	0.3654	-0.22602269206505327	0.3898	1.632	-0.6187	0.5361
16	16:11283168:G	11283168	G	ADD	101	0.6053	0.486	-0.5020310760844956	0.2335	1.569	-1.033	0.3017
16	16:11287290:A	11287290	A	ADD	103	0.6334	0.5156	-0.45665314487759767	0.2305	1.74	-0.8856	0.3758
16	16:77694817:G	77694817	G	ADD	94	0.5569	0.5704	-0.5853695883865142	0.1821	1.703	-1.026	0.3047
16	16:77702804:C	77702804	C	ADD	93	0.5714	0.5652	-0.5596657891854643	0.1887	1.73	-0.9902	0.3221
17	17:6233478:C	6233478	C	ADD	103	1.538	0.4675	0.43048287108345223	0.6154	3.846	0.9214	0.3569
17	17:6236228:A	6236228	A	ADD	103	1.538	0.4675	0.43048287108345223	0.6154	3.846	0.9214	0.3569
17	17:13305606:A	13305606	A	ADD	91	0.694	0.6053	-0.36528331847533263	0.2119	2.273	-0.6034	0.5463
21	21:36312347:T	36312347	T	ADD	84	2.275	0.5077	0.8219800524029137	0.841	6.152	1.619	0.1055
