CHR	SNP	BP	A1	TEST	NMISS	OR	SE	BETA	L95	U95	STAT	P
2	2:173582283:C	173582283	C	ADD	214	3.979	0.63	1.3810305314447917	1.158	13.68	2.192	0.02837
2	2:179380096:G	179380096	G	ADD	214	0.7254	0.3476	-0.321032052133335	0.3671	1.434	-0.9235	0.3557
2	2:179380165:G	179380165	G	ADD	216	0.8691	0.3125	-0.14029708553872267	0.4711	1.604	-0.4488	0.6536
2	2:179381323:G	179381323	G	ADD	216	0.9865	0.2476	-0.013591953519466972	0.6072	1.603	-0.05502	0.9561
2	2:179381715:C	179381715	C	ADD	215	1.092	0.2675	0.08801087732271337	0.6466	1.845	0.3297	0.7416
2	2:179382809:G	179382809	G	ADD	217	0.927	0.3169	-0.07580171341628185	0.4982	1.725	-0.2392	0.811
2	2:179384417:C	179384417	C	ADD	216	1.003	0.2457	0.002995508979798371	0.6195	1.623	0.01128	0.991
2	2:179388490:A	179388490	A	ADD	215	0.9665	0.3142	-0.03407398033375144	0.5221	1.789	-0.1085	0.9136
2	2:179388657:A	179388657	A	ADD	216	0.9297	0.3101	-0.07289332552032483	0.5063	1.707	-0.235	0.8142
2	2:179388994:G	179388994	G	ADD	216	0.9297	0.3101	-0.07289332552032483	0.5063	1.707	-0.235	0.8142
2	2:179392080:T	179392080	T	ADD	217	0.9142	0.3169	-0.08970591308449305	0.4912	1.702	-0.283	0.7772
2	2:179398823:A	179398823	A	ADD	215	0.8701	0.3145	-0.13914713141015833	0.4697	1.612	-0.4424	0.6582
2	2:179411665:G	179411665	G	ADD	218	0.8957	0.2931	-0.11014974350098737	0.5043	1.591	-0.3758	0.707
2	2:179421470:G	179421470	G	ADD	217	0.8399	0.3152	-0.17447244185055563	0.4529	1.558	-0.5535	0.5799
2	2:179421694:G	179421694	G	ADD	218	1.0	0.2482	0.0	0.615	1.627	0.0007965	0.9994
2	2:179427536:C	179427536	C	ADD	218	1.041	0.2471	0.04018178963283176	0.6412	1.689	0.1615	0.8717
2	2:179430997:A	179430997	A	ADD	218	0.9134	0.2887	-0.09058137823123848	0.5187	1.608	-0.3138	0.7537
2	2:179443217:G	179443217	G	ADD	218	1.028	0.2459	0.02761516703297339	0.6348	1.664	0.1118	0.911
2	2:179444137:G	179444137	G	ADD	218	0.9003	0.2868	-0.10502723786770594	0.5131	1.579	-0.3664	0.7141
2	2:179444939:T	179444939	T	ADD	218	0.8596	0.2773	-0.15128811421378163	0.4992	1.48	-0.5454	0.5855
2	2:179447848:C	179447848	C	ADD	217	1.028	0.2455	0.02761516703297339	0.6352	1.663	0.1109	0.9117
2	2:179448911:A	179448911	A	ADD	218	0.9627	0.26	-0.038013442198216174	0.5783	1.603	-0.1461	0.8839
2	2:179451420:A	179451420	A	ADD	218	0.9411	0.2514	-0.06070587511739484	0.575	1.54	-0.2417	0.809
2	2:179457147:A	179457147	A	ADD	218	0.8808	0.3179	-0.1269246935736668	0.4723	1.642	-0.3993	0.6897
2	2:179458591:T	179458591	T	ADD	218	0.8808	0.3179	-0.1269246935736668	0.4723	1.642	-0.3993	0.6897
2	2:179462142:G	179462142	G	ADD	218	0.9801	0.2501	-0.02010067170700291	0.6003	1.6	-0.08045	0.9359
2	2:179488194:T	179488194	T	ADD	214	1.035	0.2557	0.03440142671733232	0.627	1.709	0.1345	0.893
2	2:179490785:T	179490785	T	ADD	214	0.9429	0.2538	-0.05879504651050549	0.5734	1.55	-0.2318	0.8167
2	2:179491235:G	179491235	G	ADD	215	0.9691	0.251	-0.03138747324163273	0.5926	1.585	-0.1249	0.9006
2	2:179595117:G	179595117	G	ADD	217	1.069	0.2799	0.06672363204290813	0.6178	1.851	0.2391	0.811
2	2:179753954:T	179753954	T	ADD	215	1.159	0.4514	0.1475575643576147	0.4786	2.809	0.3276	0.7432
6	6:166310711:A	166310711	A	ADD	216	0.6602	0.2742	-0.4152124595630444	0.3857	1.13	-1.515	0.1299
8	8:144550160:A	144550160	A	ADD	217	0.7268	0.6141	-0.3191039424601209	0.2181	2.422	-0.5197	0.6033
9	9:103934113:T	103934113	T	ADD	216	0.8272	0.3035	-0.1897087752279723	0.4563	1.499	-0.6252	0.5318
9	9:103934889:T	103934889	T	ADD	215	0.8647	0.3142	-0.14537265301575247	0.4671	1.601	-0.4627	0.6436
11	11:83471079:T	83471079	T	ADD	215	0.4872	0.3744	-0.7190805625864497	0.2339	1.015	-1.92	0.05482
11	11:83480484:C	83480484	C	ADD	216	0.4769	0.386	-0.7404484536779584	0.2238	1.016	-1.918	0.05513
11	11:83489043:A	83489043	A	ADD	218	1.028	0.3143	0.02761516703297339	0.5552	1.903	0.08764	0.9302
11	11:83489364:A	83489364	A	ADD	216	1.023	0.3164	0.02273948696948934	0.5501	1.902	0.07122	0.9432
11	11:83489453:A	83489453	A	ADD	216	1.023	0.3164	0.02273948696948934	0.5501	1.902	0.07122	0.9432
11	11:88150042:A	88150042	A	ADD	216	1.094	0.2755	0.08984070399978954	0.6378	1.878	0.3273	0.7435
11	11:88150339:G	88150339	G	ADD	216	1.094	0.2755	0.08984070399978954	0.6378	1.878	0.3273	0.7435
11	11:88152757:A	88152757	A	ADD	217	1.13	0.2618	0.12221763272424911	0.6766	1.888	0.4678	0.64
12	12:29088512:T	29088512	T	ADD	215	0.5027	0.4304	-0.6877617082836074	0.2162	1.169	-1.598	0.1101
13	13:111423865:C	111423865	C	ADD	217	1.283	0.242	0.24920108563349933	0.7982	2.061	1.029	0.3036
13	13:111425249:A	111425249	A	ADD	215	1.335	0.2464	0.28893129185221283	0.8237	2.164	1.173	0.2407
16	16:11223454:C	11223454	C	ADD	216	1.273	0.2368	0.2413763195752694	0.8007	2.026	1.021	0.3073
17	17:6236228:A	6236228	A	ADD	216	0.9652	0.3029	-0.03541994523126044	0.5331	1.748	-0.117	0.9069
