CHR	SNP	BP	A1	TEST	NMISS	OR	SE	BETA	L95	U95	STAT	P
1	1:24470644:A	24470644	A	ADD	353	1.076	0.501	0.07325046173959274	0.4031	2.873	0.1465	0.8836
1	1:157755145:T	157755145	T	ADD	362	1.876	0.864	0.6291418505840328	0.345	10.2	0.7283	0.4664
2	2:4117199:G	4117199	G	ADD	361	1.775	0.2263	0.5738004229273791	1.139	2.766	2.536	0.01123
2	2:4118282:G	4118282	G	ADD	362	1.782	0.2262	0.5777363290486176	1.144	2.776	2.554	0.01064
2	2:4122930:T	4122930	T	ADD	361	1.78	0.2262	0.5766133643039938	1.143	2.773	2.55	0.01078
2	2:4123862:T	4123862	T	ADD	358	2.273	0.2663	0.8211005448704062	1.349	3.83	3.083	0.002051
2	2:4126194:A	4126194	A	ADD	359	1.843	0.2272	0.6113946786876863	1.181	2.877	2.691	0.007119
2	2:4136145:G	4136145	G	ADD	359	1.896	0.2336	0.63974640383283	1.2	2.998	2.739	0.006159
2	2:173582283:C	173582283	C	ADD	360	2.155	0.445	0.767790723555711	0.9009	5.155	1.725	0.08445
2	2:179380096:G	179380096	G	ADD	360	1.771	0.2908	0.5715443588006964	1.001	3.131	1.965	0.04942
2	2:179380165:G	179380165	G	ADD	360	1.771	0.2908	0.5715443588006964	1.001	3.131	1.965	0.04942
2	2:179381323:G	179381323	G	ADD	358	1.438	0.2427	0.3632532592988549	0.8937	2.314	1.497	0.1344
2	2:179381715:C	179381715	C	ADD	358	1.591	0.2569	0.4643627493556498	0.9614	2.632	1.807	0.07083
2	2:179382809:G	179382809	G	ADD	360	1.771	0.2908	0.5715443588006964	1.001	3.131	1.965	0.04942
2	2:179384417:C	179384417	C	ADD	358	1.438	0.2427	0.3632532592988549	0.8937	2.314	1.497	0.1344
2	2:179388490:A	179388490	A	ADD	361	1.595	0.2903	0.4668737362368079	0.903	2.817	1.608	0.1077
2	2:179388657:A	179388657	A	ADD	361	1.595	0.2903	0.4668737362368079	0.903	2.817	1.608	0.1077
2	2:179388994:G	179388994	G	ADD	362	1.581	0.29	0.45805755822733496	0.8955	2.791	1.579	0.1142
2	2:179392080:T	179392080	T	ADD	361	1.591	0.29	0.4643627493556498	0.901	2.808	1.601	0.1095
2	2:179398823:A	179398823	A	ADD	361	1.571	0.2902	0.4517123592734841	0.8896	2.775	1.557	0.1195
2	2:179411665:G	179411665	G	ADD	362	1.487	0.267	0.3967606674780181	0.8814	2.51	1.487	0.137
2	2:179421470:G	179421470	G	ADD	362	1.581	0.29	0.45805755822733496	0.8955	2.791	1.579	0.1142
2	2:179421694:G	179421694	G	ADD	362	1.298	0.2416	0.2608246182818983	0.8082	2.084	1.078	0.2808
2	2:179427536:C	179427536	C	ADD	361	1.292	0.2416	0.25619140536041013	0.8047	2.075	1.061	0.2889
2	2:179430997:A	179430997	A	ADD	362	1.487	0.267	0.3967606674780181	0.8814	2.51	1.487	0.137
2	2:179443217:G	179443217	G	ADD	362	1.302	0.2379	0.26390154378637753	0.8171	2.076	1.111	0.2666
2	2:179444137:G	179444137	G	ADD	362	1.535	0.2647	0.4285303810391604	0.9135	2.578	1.618	0.1056
2	2:179444939:T	179444939	T	ADD	362	1.523	0.2575	0.4206820739130247	0.9195	2.523	1.634	0.1022
2	2:179447848:C	179447848	C	ADD	362	1.315	0.2376	0.27383666562972786	0.8254	2.095	1.152	0.2492
2	2:179448911:A	179448911	A	ADD	362	1.451	0.246	0.37225297390205087	0.896	2.35	1.513	0.1302
2	2:179451420:A	179451420	A	ADD	362	1.333	0.2373	0.28743204119657156	0.837	2.122	1.21	0.2261
2	2:179457147:A	179457147	A	ADD	359	1.746	0.2935	0.5573274574174104	0.9824	3.104	1.899	0.05751
2	2:179458591:T	179458591	T	ADD	359	1.746	0.2935	0.5573274574174104	0.9824	3.104	1.899	0.05751
2	2:179462142:G	179462142	G	ADD	358	1.337	0.2396	0.2904282981198061	0.8357	2.138	1.211	0.226
2	2:179488194:T	179488194	T	ADD	361	1.293	0.2421	0.2569650997897204	0.8045	2.078	1.061	0.2885
2	2:179490478:C	179490478	C	ADD	361	1.383	0.2511	0.32425505268262117	0.8458	2.263	1.293	0.196
2	2:179490785:T	179490785	T	ADD	361	1.293	0.2421	0.2569650997897204	0.8045	2.078	1.061	0.2885
2	2:179491235:G	179491235	G	ADD	362	1.283	0.2428	0.24920108563349933	0.7975	2.066	1.028	0.304
2	2:179514433:C	179514433	C	ADD	359	1.432	0.2565	0.3590720685384538	0.8664	2.368	1.401	0.1612
2	2:179533609:C	179533609	C	ADD	360	1.506	0.282	0.40945712937770185	0.8663	2.617	1.451	0.1468
2	2:179543217:T	179543217	T	ADD	360	1.487	0.2856	0.3967606674780181	0.8496	2.603	1.389	0.1647
2	2:179547860:G	179547860	G	ADD	361	1.567	0.272	0.44916296337388373	0.9192	2.67	1.65	0.09891
2	2:179595117:G	179595117	G	ADD	362	1.409	0.254	0.3428802329165432	0.8563	2.318	1.349	0.1772
2	2:179753954:T	179753954	T	ADD	362	1.127	0.4573	0.11955923505763925	0.4599	2.762	0.2613	0.7939
5	5:119175291:G	119175291	G	ADD	362	1.296	0.4172	0.25928259793008296	0.5722	2.936	0.6218	0.5341
5	5:119178721:A	119178721	A	ADD	361	0.9198	0.3997	-0.08359902387631367	0.4202	2.013	-0.2092	0.8343
6	6:15324216:T	15324216	T	ADD	358	1.339	0.597	0.29192306670903545	0.4156	4.316	0.4892	0.6247
6	6:40407468:A	40407468	A	ADD	332	1.357	0.4784	0.30527638085273207	0.5313	3.465	0.6379	0.5236
6	6:69670142:C	69670142	C	ADD	355	1.393	0.2445	0.3314596947976687	0.8627	2.25	1.356	0.175
6	6:156289111:A	156289111	A	ADD	345	1.319	0.2134	0.2768738737351775	0.8679	2.003	1.296	0.1949
6	6:166310711:A	166310711	A	ADD	359	1.362	0.242	0.3089542077273207	0.8473	2.188	1.275	0.2022
7	7:140117809:C	140117809	C	ADD	278	1.686	0.2731	0.5223588595796637	0.9869	2.879	1.912	0.0559
8	8:18615706:T	18615706	T	ADD	339	1.106	0.3052	0.10074990310014315	0.6081	2.011	0.33	0.7414
8	8:18619231:G	18619231	G	ADD	350	1.204	0.3277	0.18564934688662926	0.6331	2.288	0.5652	0.5719
8	8:74435989:C	74435989	C	ADD	362	1.613	0.3867	0.4780957991430718	0.7559	3.441	1.236	0.2163
8	8:144550160:A	144550160	A	ADD	359	1.17	0.4523	0.1570037488096647	0.4821	2.839	0.3469	0.7287
9	9:103934113:T	103934113	T	ADD	360	1.521	0.2767	0.4193680132771557	0.8844	2.616	1.516	0.1295
9	9:103934889:T	103934889	T	ADD	362	1.232	0.3063	0.208638865111328	0.6756	2.245	0.6798	0.4966
9	9:103940534:A	103940534	A	ADD	361	1.294	0.3045	0.25773819607870885	0.7122	2.35	0.8455	0.3979
11	11:76755743:G	76755743	G	ADD	330	0.775	0.2806	-0.25489224962879004	0.4471	1.343	-0.9086	0.3636
11	11:76757355:A	76757355	A	ADD	330	0.775	0.2806	-0.25489224962879004	0.4471	1.343	-0.9086	0.3636
11	11:83471079:T	83471079	T	ADD	362	0.8717	0.3105	-0.13730995096460666	0.4743	1.602	-0.4424	0.6582
11	11:83480484:C	83480484	C	ADD	362	0.8717	0.3105	-0.13730995096460666	0.4743	1.602	-0.4424	0.6582
11	11:83481941:C	83481941	C	ADD	350	0.9633	0.3109	-0.03739038921855906	0.5238	1.772	-0.1201	0.9044
11	11:83482969:A	83482969	A	ADD	357	1.01	0.3007	0.009950330853168092	0.5601	1.821	0.03286	0.9738
11	11:83489043:A	83489043	A	ADD	360	0.9178	0.3074	-0.08577577702140397	0.5024	1.677	-0.279	0.7803
11	11:83489364:A	83489364	A	ADD	360	0.863	0.3081	-0.14734058789870913	0.4718	1.578	-0.4783	0.6324
11	11:83489453:A	83489453	A	ADD	360	0.863	0.3081	-0.14734058789870913	0.4718	1.578	-0.4783	0.6324
11	11:83498799:G	83498799	G	ADD	362	0.8144	0.3095	-0.20530363318587874	0.444	1.494	-0.6633	0.5071
11	11:83501966:C	83501966	C	ADD	360	0.8504	0.3101	-0.16204845195439882	0.4631	1.562	-0.5225	0.6013
11	11:83502296:A	83502296	A	ADD	360	0.9566	0.2861	-0.04436994773594053	0.5461	1.676	-0.1551	0.8768
11	11:83502789:A	83502789	A	ADD	362	1.011	0.2775	0.010939940038334263	0.5867	1.741	0.03863	0.9692
11	11:88125894:C	88125894	C	ADD	360	1.121	0.2923	0.11422114409002286	0.6321	1.988	0.3909	0.6959
11	11:88131197:T	88131197	T	ADD	359	1.114	0.2926	0.10795714150509236	0.6276	1.976	0.3679	0.713
11	11:88133553:T	88133553	T	ADD	360	1.121	0.2923	0.11422114409002286	0.6321	1.988	0.3909	0.6959
11	11:88150042:A	88150042	A	ADD	362	1.081	0.2734	0.0778865386570712	0.6327	1.848	0.2854	0.7753
11	11:88150339:G	88150339	G	ADD	362	1.081	0.2734	0.0778865386570712	0.6327	1.848	0.2854	0.7753
11	11:88152757:A	88152757	A	ADD	362	1.06	0.2738	0.058268908123975824	0.6196	1.812	0.2116	0.8324
12	12:29088512:T	29088512	T	ADD	331	0.6873	0.4294	-0.3749844008545775	0.2962	1.595	-0.8731	0.3826
12	12:67143038:T	67143038	T	ADD	361	1.676	0.3996	0.5164100020598913	0.7659	3.667	1.292	0.1962
13	13:22740294:A	22740294	A	ADD	327	1.221	0.2912	0.1996701951285677	0.69	2.161	0.6858	0.4928
13	13:38357494:A	38357494	A	ADD	361	0.9328	0.3185	-0.06956446338590916	0.4997	1.741	-0.2185	0.8271
13	13:86311267:G	86311267	G	ADD	361	0.9948	0.5126	-0.005213567052887434	0.3643	2.717	-0.01023	0.9918
13	13:111423865:C	111423865	C	ADD	360	0.9077	0.2279	-0.09684135144955555	0.5807	1.419	-0.4248	0.671
13	13:111425249:A	111425249	A	ADD	357	0.8258	0.2333	-0.19140266553014723	0.5227	1.305	-0.8205	0.4119
13	13:111426354:C	111426354	C	ADD	347	0.8746	0.2334	-0.13398864000331678	0.5535	1.382	-0.5739	0.566
13	13:111427824:T	111427824	T	ADD	320	0.7964	0.2481	-0.22765370679209582	0.4898	1.295	-0.9176	0.3588
14	14:63155372:C	63155372	C	ADD	337	0.8813	0.2878	-0.1263571888765223	0.5014	1.549	-0.4392	0.6605
15	15:90322711:A	90322711	A	ADD	318	1.148	0.2324	0.1380212978973746	0.7283	1.811	0.5957	0.5514
15	15:91293809:G	91293809	G	ADD	361	1.377	0.5927	0.3199072197465178	0.4308	4.398	0.5392	0.5897
16	16:11223454:C	11223454	C	ADD	358	1.027	0.2235	0.026641930946421092	0.6626	1.591	0.1183	0.9058
16	16:11283168:G	11283168	G	ADD	355	0.8652	0.2612	-0.14479458490323338	0.5185	1.444	-0.5541	0.5795
16	16:11287290:A	11287290	A	ADD	357	0.8615	0.2584	-0.1490802230141527	0.5191	1.43	-0.5769	0.564
16	16:77694817:G	77694817	G	ADD	358	1.173	0.3284	0.15956456967133845	0.616	2.232	0.4847	0.6279
16	16:77702804:C	77702804	C	ADD	357	1.188	0.3283	0.17227122094045313	0.6243	2.261	0.5249	0.5997
17	17:6233478:C	6233478	C	ADD	360	1.072	0.2841	0.0695260626486103	0.6143	1.871	0.2449	0.8065
17	17:6236228:A	6236228	A	ADD	362	1.078	0.2841	0.07510747248680548	0.6177	1.881	0.2639	0.7918
17	17:13305606:A	13305606	A	ADD	319	0.971	0.3451	-0.029428810690812168	0.4937	1.91	-0.08518	0.9321
21	21:36312347:T	36312347	T	ADD	295	1.015	0.2586	0.014888612493750559	0.6112	1.684	0.05594	0.9554
