CHR	SNP	BP	A1	TEST	NMISS	OR	SE	BETA	L95	U95	STAT	P
1	1:24470644:A	24470644	A	ADD	330	1.19	0.5386	0.17395330712343798	0.4142	3.421	0.3234	0.7464
1	1:157755145:T	157755145	T	ADD	339	2.896	0.886	1.06333047452347	0.5101	16.44	1.2	0.2301
2	2:4117199:G	4117199	G	ADD	338	1.442	0.2379	0.3660310388627573	0.9048	2.299	1.539	0.1237
2	2:4118282:G	4118282	G	ADD	339	1.448	0.2377	0.3701832939635246	0.9087	2.308	1.557	0.1194
2	2:4122930:T	4122930	T	ADD	338	1.439	0.238	0.3639484279052308	0.9026	2.294	1.529	0.1262
2	2:4123862:T	4123862	T	ADD	335	1.547	0.28	0.43631757159092904	0.8938	2.678	1.559	0.119
2	2:4126194:A	4126194	A	ADD	337	1.505	0.238	0.40879289820083897	0.9439	2.4	1.717	0.08593
2	2:4136145:G	4136145	G	ADD	337	1.661	0.2448	0.5074198306311578	1.028	2.684	2.073	0.03818
2	2:173582283:C	173582283	C	ADD	338	1.695	0.497	0.5276827408324136	0.64	4.491	1.062	0.2882
2	2:179380096:G	179380096	G	ADD	337	1.987	0.3009	0.6866259635696799	1.102	3.583	2.282	0.02251
2	2:179380165:G	179380165	G	ADD	337	1.987	0.3009	0.6866259635696799	1.102	3.583	2.282	0.02251
2	2:179381323:G	179381323	G	ADD	335	1.486	0.2572	0.39608794629556743	0.8978	2.461	1.541	0.1233
2	2:179381715:C	179381715	C	ADD	335	1.755	0.2654	0.5624688569178291	1.043	2.952	2.119	0.03413
2	2:179382809:G	179382809	G	ADD	337	1.987	0.3009	0.6866259635696799	1.102	3.583	2.282	0.02251
2	2:179384417:C	179384417	C	ADD	335	1.486	0.2572	0.39608794629556743	0.8978	2.461	1.541	0.1233
2	2:179388490:A	179388490	A	ADD	338	1.804	0.3007	0.5900064216404319	1.001	3.252	1.962	0.04974
2	2:179388657:A	179388657	A	ADD	338	1.804	0.3007	0.5900064216404319	1.001	3.252	1.962	0.04974
2	2:179388994:G	179388994	G	ADD	339	1.787	0.3005	0.580538236177291	0.9918	3.221	1.933	0.05328
2	2:179392080:T	179392080	T	ADD	338	1.799	0.3005	0.5872309549683961	0.9983	3.241	1.954	0.05068
2	2:179398823:A	179398823	A	ADD	338	1.774	0.3009	0.5732368838873878	0.9835	3.199	1.905	0.05681
2	2:179411665:G	179411665	G	ADD	339	1.66	0.2758	0.5068176023684519	0.967	2.851	1.838	0.066
2	2:179421470:G	179421470	G	ADD	339	1.787	0.3005	0.580538236177291	0.9918	3.221	1.933	0.05328
2	2:179421694:G	179421694	G	ADD	339	1.34	0.2557	0.29266961396282004	0.812	2.212	1.145	0.2521
2	2:179427536:C	179427536	C	ADD	338	1.329	0.2558	0.28442677973110825	0.8052	2.195	1.113	0.2657
2	2:179430997:A	179430997	A	ADD	339	1.66	0.2758	0.5068176023684519	0.967	2.851	1.838	0.066
2	2:179443217:G	179443217	G	ADD	339	1.372	0.2514	0.31626952930369356	0.8381	2.245	1.257	0.2086
2	2:179444137:G	179444137	G	ADD	339	1.741	0.274	0.554459660786052	1.018	2.979	2.025	0.04289
2	2:179444939:T	179444939	T	ADD	339	1.595	0.2689	0.4668737362368079	0.9415	2.701	1.736	0.08262
2	2:179447848:C	179447848	C	ADD	339	1.372	0.2514	0.31626952930369356	0.8381	2.245	1.257	0.2086
2	2:179448911:A	179448911	A	ADD	339	1.52	0.2567	0.41871033485818504	0.9189	2.514	1.63	0.103
2	2:179451420:A	179451420	A	ADD	339	1.397	0.2509	0.3343270802748248	0.8543	2.284	1.332	0.1828
2	2:179457147:A	179457147	A	ADD	336	2.04	0.3057	0.712949807856125	1.12	3.713	2.331	0.01975
2	2:179458591:T	179458591	T	ADD	336	2.04	0.3057	0.712949807856125	1.12	3.713	2.331	0.01975
2	2:179462142:G	179462142	G	ADD	336	1.401	0.2536	0.33718626735486995	0.8526	2.304	1.331	0.1832
2	2:179488194:T	179488194	T	ADD	338	1.359	0.2563	0.30674913516900665	0.8225	2.246	1.197	0.2312
2	2:179490478:C	179490478	C	ADD	338	1.46	0.2625	0.37843643572024505	0.8728	2.442	1.442	0.1494
2	2:179490785:T	179490785	T	ADD	338	1.359	0.2563	0.30674913516900665	0.8225	2.246	1.197	0.2312
2	2:179491235:G	179491235	G	ADD	339	1.349	0.2571	0.2993635772256188	0.8151	2.233	1.165	0.2441
2	2:179514433:C	179514433	C	ADD	336	1.517	0.2683	0.41673470036639515	0.8967	2.567	1.553	0.1203
2	2:179533609:C	179533609	C	ADD	337	1.753	0.2944	0.5613286059390974	0.9843	3.121	1.906	0.05662
2	2:179543217:T	179543217	T	ADD	337	1.72	0.2967	0.5423242908253617	0.9615	3.076	1.827	0.06763
2	2:179547860:G	179547860	G	ADD	338	1.657	0.2857	0.5050087384444258	0.9464	2.901	1.767	0.07719
2	2:179595117:G	179595117	G	ADD	339	1.453	0.2653	0.3736303845881459	0.8642	2.445	1.41	0.1586
2	2:179753954:T	179753954	T	ADD	339	0.6449	0.5717	-0.4386600129658053	0.2103	1.978	-0.7673	0.4429
5	5:119175291:G	119175291	G	ADD	339	1.48	0.4222	0.3920420877760237	0.6468	3.384	0.9279	0.3535
5	5:119178721:A	119178721	A	ADD	338	1.115	0.4066	0.10885440491208208	0.5026	2.475	0.2683	0.7885
6	6:15324216:T	15324216	T	ADD	335	1.105	0.6679	0.09984533496971612	0.2983	4.09	0.149	0.8815
6	6:40407468:A	40407468	A	ADD	312	2.005	0.462	0.6956440607585325	0.8105	4.958	1.505	0.1323
6	6:69670142:C	69670142	C	ADD	333	1.389	0.2569	0.3285840637722067	0.8395	2.298	1.279	0.201
6	6:156289111:A	156289111	A	ADD	322	1.256	0.2281	0.22793206804600694	0.8032	1.964	0.9992	0.3177
6	6:166310711:A	166310711	A	ADD	337	1.265	0.2585	0.23507212217948348	0.762	2.099	0.9083	0.3637
7	7:140117809:C	140117809	C	ADD	259	1.577	0.2903	0.4555243079809013	0.8926	2.785	1.569	0.1167
8	8:18615706:T	18615706	T	ADD	320	1.063	0.3261	0.06109509935981083	0.5607	2.013	0.186	0.8525
8	8:18619231:G	18619231	G	ADD	328	1.322	0.3483	0.2791457414294946	0.6682	2.617	0.8022	0.4225
8	8:74435989:C	74435989	C	ADD	339	2.353	0.388	0.8556911097452256	1.1	5.035	2.206	0.02741
8	8:144550160:A	144550160	A	ADD	337	1.12	0.4815	0.11332868530700327	0.4357	2.877	0.2346	0.8145
9	9:103934113:T	103934113	T	ADD	337	1.141	0.3119	0.1319050708799386	0.6189	2.102	0.4217	0.6732
9	9:103934889:T	103934889	T	ADD	339	0.8475	0.3583	-0.1654644397275317	0.4199	1.71	-0.4619	0.6441
9	9:103940534:A	103940534	A	ADD	338	0.8793	0.3572	-0.12862914259718064	0.4366	1.771	-0.3603	0.7187
11	11:76755743:G	76755743	G	ADD	309	0.8436	0.2975	-0.1700768303775175	0.4709	1.511	-0.5717	0.5675
11	11:76757355:A	76757355	A	ADD	309	0.8436	0.2975	-0.1700768303775175	0.4709	1.511	-0.5717	0.5675
11	11:83471079:T	83471079	T	ADD	339	0.8739	0.3304	-0.13478932634863844	0.4574	1.67	-0.4081	0.6832
11	11:83480484:C	83480484	C	ADD	339	0.8739	0.3304	-0.13478932634863844	0.4574	1.67	-0.4081	0.6832
11	11:83481941:C	83481941	C	ADD	328	0.8625	0.3375	-0.1479201300766222	0.4451	1.671	-0.4381	0.6613
11	11:83482969:A	83482969	A	ADD	335	0.9285	0.3252	-0.07418489818937658	0.4909	1.756	-0.228	0.8197
11	11:83489043:A	83489043	A	ADD	337	0.8345	0.3351	-0.18092253588024726	0.4327	1.61	-0.5397	0.5894
11	11:83489364:A	83489364	A	ADD	337	0.7902	0.336	-0.23546920100484667	0.409	1.527	-0.7008	0.4835
11	11:83489453:A	83489453	A	ADD	337	0.7902	0.336	-0.23546920100484667	0.409	1.527	-0.7008	0.4835
11	11:83498799:G	83498799	G	ADD	339	0.733	0.3395	-0.3106095770954856	0.3768	1.426	-0.915	0.3602
11	11:83501966:C	83501966	C	ADD	337	0.7465	0.3402	-0.29235966200289193	0.3832	1.454	-0.8592	0.3902
11	11:83502296:A	83502296	A	ADD	337	0.9004	0.3048	-0.10491616994955989	0.4954	1.636	-0.3443	0.7306
11	11:83502789:A	83502789	A	ADD	339	0.9248	0.2971	-0.07817778106402408	0.5166	1.656	-0.2631	0.7925
11	11:88125894:C	88125894	C	ADD	337	0.9888	0.3143	-0.011263192278710714	0.534	1.831	-0.03587	0.9714
11	11:88131197:T	88131197	T	ADD	336	0.9829	0.3145	-0.01724789340955339	0.5306	1.821	-0.05475	0.9563
11	11:88133553:T	88133553	T	ADD	337	0.9888	0.3143	-0.011263192278710714	0.534	1.831	-0.03587	0.9714
11	11:88150042:A	88150042	A	ADD	339	0.9929	0.2933	-0.007125324942588627	0.5588	1.764	-0.02433	0.9806
11	11:88150339:G	88150339	G	ADD	339	0.9929	0.2933	-0.007125324942588627	0.5588	1.764	-0.02433	0.9806
11	11:88152757:A	88152757	A	ADD	339	0.9853	0.2933	-0.014809115653708226	0.5544	1.751	-0.05066	0.9596
12	12:29088512:T	29088512	T	ADD	310	0.7936	0.4319	-0.23117572301147404	0.3404	1.85	-0.5351	0.5926
12	12:67143038:T	67143038	T	ADD	338	1.816	0.4189	0.5966362801791015	0.7993	4.128	1.425	0.1541
13	13:22740294:A	22740294	A	ADD	305	1.096	0.3195	0.09166718852582387	0.5859	2.05	0.2867	0.7743
13	13:38357494:A	38357494	A	ADD	338	0.7691	0.3551	-0.2625342789191289	0.3834	1.543	-0.7394	0.4597
13	13:86311267:G	86311267	G	ADD	338	1.126	0.5108	0.11867152971749854	0.4139	3.065	0.233	0.8158
13	13:111423865:C	111423865	C	ADD	337	1.013	0.242	0.01291622526654623	0.6303	1.627	0.05258	0.9581
13	13:111425249:A	111425249	A	ADD	334	1.024	0.245	0.023716526617316065	0.6336	1.656	0.09741	0.9224
13	13:111426354:C	111426354	C	ADD	325	0.9958	0.248	-0.004208844774054682	0.6124	1.619	-0.01712	0.9863
13	13:111427824:T	111427824	T	ADD	300	0.9695	0.2584	-0.030974804299430527	0.5843	1.609	-0.1198	0.9047
14	14:63155372:C	63155372	C	ADD	314	0.8697	0.3019	-0.13960695438641751	0.4813	1.572	-0.4624	0.6438
15	15:90322711:A	90322711	A	ADD	298	1.032	0.2457	0.031498667059371016	0.6375	1.67	0.1272	0.8987
15	15:91293809:G	91293809	G	ADD	338	1.683	0.6009	0.520577915208669	0.5185	5.466	0.8667	0.3861
16	16:11223454:C	11223454	C	ADD	335	1.209	0.2392	0.18979357163265567	0.7564	1.932	0.7929	0.4278
16	16:11283168:G	11283168	G	ADD	332	0.9803	0.277	-0.019896631714456645	0.5696	1.687	-0.07172	0.9428
16	16:11287290:A	11287290	A	ADD	334	1.024	0.2698	0.023716526617316065	0.6034	1.737	0.0877	0.9301
16	16:77694817:G	77694817	G	ADD	336	1.104	0.3494	0.09893994785490365	0.5567	2.19	0.2836	0.7767
16	16:77702804:C	77702804	C	ADD	335	1.02	0.361	0.01980262729617973	0.5025	2.069	0.05392	0.957
17	17:6233478:C	6233478	C	ADD	337	1.081	0.3006	0.0778865386570712	0.5996	1.948	0.2584	0.7961
17	17:6236228:A	6236228	A	ADD	339	1.086	0.3007	0.08250122151174377	0.6026	1.959	0.2756	0.7829
17	17:13305606:A	13305606	A	ADD	297	0.7602	0.4043	-0.2741737224269887	0.3442	1.679	-0.6781	0.4977
21	21:36312347:T	36312347	T	ADD	277	1.154	0.2694	0.14323416808590775	0.6809	1.957	0.533	0.594
