EAC nummer|oud|Sample|MicroBarcode.2|Gerries nummer|Plate|Coordinate|Approximate ng|C=ng L|aantal L9|10|aantal L11|EACNUMM|geslacht
1002|1002|203|NA|203|3|C2|855|171|5|NA|NA|NA|1
1004|1004|342|NA|342|4|F7|3375|675|5|NA|NA|NA|1
1012|1012|108|NA|108|2|D2|500|50|10|NA|NA|NA|1
1018|1018|653|NA|653|7|E10|1570|314|5|NA|NA|NA|2
1020|1020|176|NA|176|2|H10|350|70|5|NA|NA|NA|1
1022|1022|539|NA|539|6|C8|1406|281.2|5|NA|NA|NA|1
1029|1029|521|NA|521|6|A6|974|194.8|5|NA|NA|NA|1
1035|1035|302|NA|302|4|F2|1200|240|5|NA|NA|NA|1
1038|1038|513|NA|513|6|A5|1163|232.6|5|NA|NA|NA|1
1041|1041|109|NA|109|2|E2|500|50|10|NA|NA|NA|1
1052|1052|281|NA|281|3|A12|1310|262|5|NA|NA|NA|2
1062|1062|454|NA|454|5|F9|1002.5|200.5|5|NA|NA|NA|1
1065|1065|475|NA|475|5|C12|890|178|5|NA|NA|NA|2
1066|1066|222|NA|222|3|F4|2825|565|5|NA|NA|NA|1
1069|1069|531|NA|531|6|C7|1085|217|5|NA|NA|NA|2
1070|1070|324|NA|324|4|D5|1630|326|5|NA|NA|NA|1
1071|1071|506|NA|506|6|B4|1230|246|5|NA|NA|NA|1
1075|1075|637|NA|637|7|E8|1220|244|5|NA|NA|NA|1
1078|1078|549|NA|549|6|E9|770|154|5|NA|NA|NA|1
1084|1084|334|NA|334|4|F6|2165|433|5|NA|NA|NA|1
1087|1087|518|NA|518|6|F5|1394|278.8|5|NA|NA|NA|1
1094|1094|463|NA|463|5|G10|1810|362|5|NA|NA|NA|1
1100|1100|461|NA|461|5|E10|910|182|5|NA|NA|NA|1
1102|1102|322|NA|322|4|B5|1735|347|5|NA|NA|NA|2
1110|1110|577|NA|577|7|A1|315|21|15|NA|NA|NA|1
1113|1113|225|NA|225|3|A5|482.5|96.5|5|NA|NA|NA|1
1115|1115|655|NA|655|7|G10|980|196|5|NA|NA|NA|1
1121|1121|589|NA|589|7|E2|2425|485|5|NA|NA|NA|2
1128|1128|548|NA|548|6|D9|437|43.7|10|NA|NA|NA|1
1151|1151|163|NA|163|2|C9|2105|421|5|NA|NA|NA|1
1160|1160|386|NA|386|5|B1|1965|393|5|NA|NA|NA|1
1163|1163|459|NA|459|5|C10|1033.5|206.7|5|NA|NA|NA|2
1164|1164|110|NA|110|2|F2|500|50|10|NA|NA|NA|1
117|117|169|NA|169|2|A10|1305|261|5|NA|NA|NA|1
1173|1173|651|NA|651|7|C10|835|167|5|NA|NA|NA|1
1178|1178|569|NA|569|6|A12|1725|345|5|NA|NA|NA|1
1181|1181|359|NA|359|4|G9|2370|474|5|NA|NA|NA|1
1187|1187|452|NA|452|5|D9|1154.5|230.9|5|NA|NA|NA|1
1188|1188|515|NA|515|6|C5|944|188.8|5|NA|NA|NA|1
1203|1203|301|NA|301|4|E2|1795|359|5|NA|NA|NA|2
1204|1204|290|NA|290|4|B1|1365|273|5|NA|NA|NA|2
1209|1209|456|NA|456|5|H9|1095|219|5|NA|NA|NA|1
1215|1215|477|NA|477|5|E12|1245|249|5|NA|NA|NA|1
1220|1220|649|NA|649|7|A10|930|186|5|NA|NA|NA|1
1223|1223|481|NA|481|6|A1|1810|362|5|NA|NA|NA|2
1226|1226|160|NA|160|2|H8|1485|297|5|NA|NA|NA|1
1231|1231|732|NA|732|8|D8|342|57|6|NA|NA|NA|1
1247|1247|410|NA|410|5|B4|2495|499|5|NA|NA|NA|2
1248|1248|310|NA|310|4|F3|394.5|26.3|15|NA|NA|NA|1
1262|1262|111|NA|111|2|G2|500|50|10|NA|NA|NA|1
1264|1264|601|NA|601|7|A4|1755|351|5|NA|NA|NA|2
1268|1268|645|NA|645|7|E9|1285|257|5|NA|NA|NA|1
1278|1278|520|NA|520|6|H5|380|76|5|NA|NA|NA|2
1279|1279|436|NA|436|5|D7|2450|490|5|NA|NA|NA|2
1292|1292|182|NA|182|2|F11|1275|255|5|NA|NA|NA|2
1300|1300|221|NA|221|3|E4|470|47|10|NA|NA|NA|2
1305|1305|226|NA|226|3|B5|550|110|5|NA|NA|NA|2
1308|1308|516|NA|516|6|D5|1380|276|5|NA|NA|NA|1
1311|1311|519|NA|519|6|G5|1715.5|343.1|5|NA|NA|NA|2
1314|1314|591|NA|591|7|G2|2019|403.8|5|NA|NA|NA|1
1316|1316|442|NA|442|5|B8|2050|410|5|NA|NA|NA|1
1318|1318|453|NA|453|5|E9|1015|203|5|NA|NA|NA|1
1320|1320|449|NA|449|5|A9|2150|430|5|NA|NA|NA|1
1333|1333|368|NA|368|4|H10|2715|543|5|NA|NA|NA|1
1339|1339|372|NA|372|4|D11|3135|627|5|NA|NA|NA|2
1343|1343|418|NA|418|5|B5|1300|260|5|NA|NA|NA|1
1344|1344|462|NA|462|5|F10|855|171|5|NA|NA|NA|2
1346|1346|512|NA|512|6|H4|1449.5|289.9|5|NA|NA|NA|1
1348|1348|112|NA|112|2|H2|500|50|10|NA|NA|NA|1
135|135|668|NA|668|7|D12|1040|208|5|NA|NA|NA|1
1353|1353|444|NA|444|5|D8|1325|265|5|NA|NA|NA|1
1358|1358|113|NA|113|2|A3|500|100|5|NA|NA|NA|2
1360|1360|503|NA|503|6|G3|998|199.6|5|NA|NA|NA|1
1368|1368|460|NA|460|5|D10|1664.5|332.9|5|NA|NA|NA|1
1372|1372|505|NA|505|6|A4|940.5|188.1|5|NA|NA|NA|2
1376|1376|369|NA|369|4|A11|2980|596|5|NA|NA|NA|2
1380|1380|336|NA|336|4|H6|3460|692|5|NA|NA|NA|1
1385|1385|511|NA|511|6|G4|300|30|10|NA|NA|NA|1
1386|1386|186|NA|186|2|B12|920|184|5|NA|NA|NA|1
1388|1388|507|NA|507|6|C4|825|165|5|NA|NA|NA|1
1389|1389|420|NA|420|5|D5|2090|418|5|NA|NA|NA|2
1394|1394|504|NA|504|6|H3|1110|222|5|NA|NA|NA|2
14|14|326|NA|326|4|F5|1630|326|5|NA|NA|NA|1
1406|1406|373|NA|373|4|E11|1465|293|5|NA|NA|NA|2
1415|1415|440|NA|440|5|H7|1895|379|5|NA|NA|NA|1
1417|1417|158|NA|158|2|F8|605|121|5|NA|NA|NA|1
1418|1418|423|NA|423|5|G5|3000|600|5|NA|NA|NA|2
1421|1421|178|NA|178|2|B11|1780|356|5|NA|NA|NA|2
1422|1422|217|NA|217|3|A4|390|39|10|NA|NA|NA|1
1429|1429|611|NA|611|7|C5|1290|258|5|NA|NA|NA|1
1432|1432|216|NA|216|3|H3|445|89|5|NA|NA|NA|1
1448|1448|274|NA|274|3|B11|2115|423|5|NA|NA|NA|1
1449|1449|296|NA|296|4|H1|1985|397|5|NA|NA|NA|1
145|145|669|NA|669|7|E12|1860|372|5|NA|NA|NA|1
1452|1452|593|NA|593|7|A3|2185|437|5|NA|NA|NA|2
1454|1454|408|NA|408|5|H3|2355|471|5|NA|NA|NA|1
1457|1457|766|NA|766|8|F12|500|50|10|NA|NA|NA|1
1461|1461|722|NA|722|8|B7|1905|381|5|NA|NA|NA|1
1465|1465|497|NA|497|6|A3|765|153|5|NA|NA|NA|1
1466|1466|478|NA|478|5|F12|1465|293|5|NA|NA|NA|1
1471|1471|128|NA|128|2|H4|607.5|121.5|5|NA|NA|NA|1
1480|1480|491|NA|491|6|C2|2315|463|5|NA|NA|NA|1
1487|1487|130|NA|130|2|B5|968|193.6|5|NA|NA|NA|1
1490|1490|155|NA|155|2|C8|2095|419|5|NA|NA|NA|1
1492|1492|129|NA|129|2|A5|595|119|5|NA|NA|NA|1
1493|1493|132|NA|132|2|D5|930|186|5|NA|NA|NA|1
1495|1495|127|NA|127|2|G4|336.5|67.3|5|NA|NA|NA|2
1498|1498|348|NA|348|4|D8|2850|570|5|NA|NA|NA|2
15|15|602|NA|602|7|B4|295|59|5|NA|NA|NA|1
1504|1504|126|NA|126|2|F4|1080|216|5|NA|NA|NA|1
1505|1505|114|NA|114|2|B3|500|50|10|NA|NA|NA|2
1507|1507|598|NA|598|7|F3|2145|429|5|NA|NA|NA|1
1508|1508|501|NA|501|6|E3|249|83|3|NA|NA|NA|1
1513|1513|329|NA|329|4|A6|2420|484|5|NA|NA|NA|1
1526|1526|315|NA|315|4|C4|1275|255|5|NA|NA|NA|1
1528|1528|318|NA|318|4|F4|523|104.6|5|NA|NA|NA|2
1534|1534|312|NA|312|4|H3|531|106.2|5|NA|NA|NA|1
1536|1536|316|NA|316|4|D4|399|79.8|5|NA|NA|NA|1
1541|1541|384|NA|384|4|H12|1775|355|5|NA|NA|NA|1
1559|1559|529|NA|529|6|A7|260|52|5|NA|NA|NA|1
1566|1566|232|NA|232|3|H5|2960|592|5|NA|NA|NA|2
1570|1570|295|NA|295|4|G1|4355|871|5|NA|NA|NA|2
1571|1571|557|NA|557|6|E10|1425|285|5|NA|NA|NA|1
1573|1573|288|NA|288|3|H12|2395|479|5|NA|NA|NA|2
1582|1582|729|NA|729|8|A8|1430|286|5|NA|NA|NA|1
1585|1585|713|NA|713|8|A6|2085|417|5|NA|NA|NA|1
1586|1586|320|NA|320|4|H4|2015|403|5|NA|NA|NA|1
1589|1589|257|NA|257|3|A9|1445|289|5|NA|NA|NA|2
1590|1590|624|NA|624|7|H6|1150|230|5|NA|NA|NA|2
1591|1591|417|NA|417|5|A5|1770|354|5|NA|NA|NA|1
1592|1592|115|NA|115|2|C3|500|100|5|NA|NA|NA|1
1604|1604|759|NA|759|8|G11|2460|492|5|NA|NA|NA|1
1607|1607|554|NA|554|6|B10|1850|370|5|NA|NA|NA|1
1612|1612|538|NA|538|6|B8|280.5|56.1|5|NA|NA|NA|1
1615|1615|409|NA|409|5|A4|2625|525|5|NA|NA|NA|1
1619|1619|116|NA|116|2|D3|500|100|5|NA|NA|NA|1
1620|1620|680|NA|680|8|H1|3130|626|5|NA|NA|NA|1
1625|1625|609|NA|609|7|A5|1305|261|5|NA|NA|NA|1
1629|1629|731|NA|731|8|C8|1835|367|5|NA|NA|NA|2
1633|1633|344|NA|344|4|H7|1390|278|5|NA|NA|NA|2
1634|1634|560|NA|560|6|H10|665|133|5|NA|NA|NA|2
1643|1643|615|NA|615|7|G5|930|186|5|NA|NA|NA|1
1646|1646|551|NA|551|6|G9|295|59|5|NA|NA|NA|1
1650|1650|553|NA|553|6|A10|300|60|5|NA|NA|NA|1
1661|1661|636|NA|636|7|D8|2595|519|5|NA|NA|NA|1
1667|1667|640|NA|640|7|H8|2620|524|5|NA|NA|NA|1
1668|1668|707|NA|707|8|C5|2000|400|5|NA|NA|NA|1
1671|1671|617|NA|617|7|A6|1980|396|5|NA|NA|NA|1
1675|1675|643|NA|643|7|C9|2215|443|5|NA|NA|NA|1
1677|1677|333|NA|333|4|E6|1525|305|5|NA|NA|NA|1
1678|1678|620|NA|620|7|D6|2160|432|5|NA|NA|NA|1
1681|1681|188|NA|188|2|D12|1560|312|5|NA|NA|NA|1
1683|1683|341|NA|341|4|E7|2250|450|5|NA|NA|NA|2
1685|1685|708|NA|708|8|D5|2210|442|5|NA|NA|NA|2
1687|1687|610|NA|610|7|B5|1300|260|5|NA|NA|NA|1
1690|1690|600|NA|600|7|H3|2445|489|5|NA|NA|NA|2
1692|1692|755|NA|755|8|C11|1065|213|5|NA|NA|NA|2
1698|1698|747|NA|747|8|C10|1800|360|5|NA|NA|NA|2
1699|1699|687|NA|687|8|G2|680|170|4|NA|NA|NA|2
1703|1703|710|NA|710|8|F5|1585|317|5|NA|NA|NA|1
1706|1706|236|NA|236|3|D6|1845|369|5|NA|NA|NA|1
1710|1710|242|NA|242|3|B7|2145|429|5|NA|NA|NA|2
1715|1715|179|NA|179|2|C11|1765|353|5|NA|NA|NA|1
1718|1718|619|NA|619|7|C6|2160|432|5|NA|NA|NA|1
1721|1721|196|NA|196|3|D1|1440|288|5|NA|NA|NA|1
1729|1729|365|NA|365|4|E10|3165|633|5|NA|NA|NA|1
1734|1734|263|NA|263|3|G9|2010|402|5|NA|NA|NA|2
1750|1750|555|NA|555|6|C10|1415|283|5|NA|NA|NA|1
1755|1755|395|NA|395|5|C2|2125|425|5|NA|NA|NA|1
1756|1756|612|NA|612|7|D5|490|98|5|NA|NA|NA|1
1762|1762|153|NA|153|2|A8|900|180|5|NA|NA|NA|2
1764|1764|151|NA|151|2|G7|3315|663|5|NA|NA|NA|1
1772|1772|628|NA|628|7|D7|1120|224|5|NA|NA|NA|1
1779|1779|621|NA|621|7|E6|2000|400|5|NA|NA|NA|1
1786|1786|597|NA|597|7|E3|1155|231|5|NA|NA|NA|1
1787|1787|117|NA|117|2|E3|500|50|10|NA|NA|NA|1
1788|1788|746|NA|746|8|B10|1560|312|5|NA|NA|NA|2
179|179|496|NA|496|6|H2|1931|386.2|5|NA|NA|NA|2
1791|1791|719|NA|719|8|G6|2580|516|5|NA|NA|NA|1
1798|1798|665|NA|665|7|A12|2940|588|5|NA|NA|NA|1
1806|1806|762|NA|762|8|B12|500|50|10|NA|NA|NA|1
1807|1807|532|NA|532|6|D7|270|27|10|NA|NA|NA|2
1809|1809|631|NA|631|7|G7|650|130|5|NA|NA|NA|2
1813|1813|616|NA|616|7|H5|925|185|5|NA|NA|NA|1
1823|1823|534|NA|534|6|F7|1385|277|5|NA|NA|NA|2
1824|1824|243|NA|243|3|C7|2260|452|5|NA|NA|NA|1
1825|1825|768|NA|768|8|H12|200|50|4|NA|NA|NA|1
183|183|138|NA|138|2|B6|1795|359|5|NA|NA|NA|1
1830|1830|646|NA|646|7|F9|2150|430|5|NA|NA|NA|2
1833|1833|533|NA|533|6|E7|325|65|5|NA|NA|NA|1
1837|1837|492|NA|492|6|D2|1055|211|5|NA|NA|NA|1
1838|1838|286|NA|286|3|F12|2055|411|5|NA|NA|NA|2
1845|1845|267|NA|267|3|C10|1185|237|5|NA|NA|NA|1
1847|1847|652|NA|652|7|D10|1905|381|5|NA|NA|NA|2
1856|1856|767|NA|767|8|G12|200|50|4|NA|NA|NA|1
1859|1859|305|NA|305|4|A3|1390|278|5|NA|NA|NA|1
1860|1860|541|NA|541|6|E8|500|50|10|NA|NA|NA|1
1862|1862|489|NA|489|6|A2|1295|259|5|NA|NA|NA|1
1863|1863|471|NA|471|5|G11|1325|265|5|NA|NA|NA|1
1866|1866|545|NA|545|6|A9|1410|282|5|NA|NA|NA|2
1869|1869|540|NA|540|6|D8|920|184|5|NA|NA|NA|1
187|187|142|NA|142|2|F6|402.3|40.23|10|NA|NA|NA|2
1870|1870|542|NA|542|6|F8|1525|305|5|NA|NA|NA|1
1875|1875|357|NA|357|4|E9|2260|452|5|NA|NA|NA|1
1878|1878|483|NA|483|6|C1|1315|263|5|NA|NA|NA|1
1881|1881|556|NA|556|6|D10|820|164|5|NA|NA|NA|1
1884|1884|749|NA|749|8|E10|1480|296|5|NA|NA|NA|1
1886|1886|730|NA|730|8|B8|765|153|5|NA|NA|NA|1
1888|1888|191|NA|191|2|G12|1455|291|5|NA|NA|NA|2
1891|1891|558|NA|558|6|F10|805|161|5|NA|NA|NA|1
1892|1892|559|NA|559|6|G10|406|81.2|5|NA|NA|NA|1
1893|1893|562|NA|562|6|B11|1130|226|5|NA|NA|NA|1
1896|1896|622|NA|622|7|F6|755|151|5|NA|NA|NA|2
1900|1900|120|NA|120|2|H3|500|100|5|NA|NA|NA|1
1901|1901|352|NA|352|4|H8|1495|299|5|NA|NA|NA|2
1903|1903|121|NA|121|2|A4|500|100|5|NA|NA|NA|1
1904|1904|586|NA|586|7|B2|1288|257.6|5|NA|NA|NA|2
1905|1905|364|NA|364|4|D10|3570|714|5|NA|NA|NA|1
1911|1911|605|NA|605|7|E4|985|197|5|NA|NA|NA|2
1914|1914|734|NA|734|8|F8|840|168|5|NA|NA|NA|1
1917|1917|750|NA|750|8|F10|2545|509|5|NA|NA|NA|2
1918|1918|618|NA|618|7|B6|1930|386|5|NA|NA|NA|1
1919|1919|573|NA|573|6|E12|400|80|5|NA|NA|NA|1
1923|1923|468|NA|468|5|D11|1965|393|5|NA|NA|NA|1
1926|1926|474|NA|474|5|B12|890|178|5|NA|NA|NA|1
1928|1928|122|NA|122|2|B4|500|50|10|NA|NA|NA|1
193|193|550|NA|550|6|F9|380.5|76.1|5|NA|NA|NA|1
1931|1931|480|NA|480|5|H12|565|113|5|NA|NA|NA|2
1934|1934|230|NA|230|3|F5|1810|362|5|NA|NA|NA|1
1941|1941|325|NA|325|4|E5|1455|291|5|NA|NA|NA|2
1943|1943|363|NA|363|4|C10|1845|369|5|NA|NA|NA|2
1947|1947|632|NA|632|7|H7|1850|370|5|NA|NA|NA|1
1948|1948|625|NA|625|7|A7|770|154|5|NA|NA|NA|2
1957|1957|183|NA|183|2|G11|835|167|5|NA|NA|NA|1
1958|1958|268|NA|268|3|D10|2475|495|5|NA|NA|NA|1
1961|1961|293|NA|293|4|E1|2160|432|5|NA|NA|NA|2
1962|1962|280|NA|280|3|H11|1660|332|5|NA|NA|NA|1
1966|1966|358|NA|358|4|F9|2075|415|5|NA|NA|NA|1
1968|1968|582|NA|582|7|F1|1525|305|5|NA|NA|NA|1
1973|1973|472|NA|472|5|H11|600|120|5|NA|NA|NA|2
1978|1978|660|NA|660|7|D11|2160|432|5|NA|NA|NA|1
1979|1979|599|NA|599|7|G3|2015|403|5|NA|NA|NA|2
1982|1982|479|NA|479|5|G12|1505|301|5|NA|NA|NA|2
1985|1985|159|NA|159|2|G8|820|164|5|NA|NA|NA|1
1988|1988|525|NA|525|6|E6|1730|346|5|NA|NA|NA|1
1990|1990|527|NA|527|6|G6|1395|279|5|NA|NA|NA|2
1996|1996|634|NA|634|7|B8|1095|219|5|NA|NA|NA|1
2000|2000|629|NA|629|7|E7|435|87|5|NA|NA|NA|1
2001|2001|156|NA|156|2|D8|1820|364|5|NA|NA|NA|1
2002|2002|391|NA|391|5|G1|2400|480|5|NA|NA|NA|2
2003|2003|353|NA|353|4|A9|2375|475|5|NA|NA|NA|1
2004|2004|633|NA|633|7|A8|1465|293|5|NA|NA|NA|2
2007|2007|405|NA|405|5|E3|3985|797|5|NA|NA|NA|1
2008|2008|166|NA|166|2|F9|1860|372|5|NA|NA|NA|2
2012|2012|579|NA|579|7|C1|885|177|5|NA|NA|NA|1
2021|2021|561|NA|561|6|A11|875|175|5|NA|NA|NA|1
2022|2022|642|NA|642|7|B9|1855|371|5|NA|NA|NA|2
2023|2023|764|NA|764|8|D12|2200|440|5|NA|NA|NA|1
2025|2025|626|NA|626|7|B7|1460|292|5|NA|NA|NA|2
2028|2028|522|NA|522|6|B6|2445|489|5|NA|NA|NA|1
2029|2029|570|NA|570|6|B12|1610|322|5|NA|NA|NA|2
2030|2030|219|NA|219|3|C4|2595|519|5|NA|NA|NA|1
2031|2031|123|NA|123|2|C4|500|100|5|NA|NA|NA|1
2035|2035|635|NA|635|7|C8|1030|206|5|NA|NA|NA|1
2036|2036|307|NA|307|4|C3|1200|240|5|NA|NA|NA|1
2044|2044|714|NA|714|8|B6|2065|413|5|NA|NA|NA|1
2050|2050|244|NA|244|3|D7|2825|565|5|NA|NA|NA|2
2051|2051|753|NA|753|8|A11|1625|325|5|NA|NA|NA|1
2053|2053|572|NA|572|6|D12|575|115|5|NA|NA|NA|2
2057|2057|124|NA|124|2|D4|500|100|5|NA|NA|NA|2
2066|2066|716|NA|716|8|D6|1880|376|5|NA|NA|NA|1
2071|2071|704|NA|704|8|H4|1695|339|5|NA|NA|NA|2
2072|2072|737|NA|737|8|A9|1825|365|5|NA|NA|NA|1
2073|2073|157|NA|157|2|E8|1945|389|5|NA|NA|NA|1
2076|2076|754|NA|754|8|B11|685|137|5|NA|NA|NA|1
2083|2083|639|NA|639|7|G8|1360|272|5|NA|NA|NA|1
2084|2084|323|NA|323|4|C5|1565|313|5|NA|NA|NA|1
2086|2086|272|NA|272|3|H10|3010|602|5|NA|NA|NA|1
2091|2091|292|NA|292|4|D1|1630|326|5|NA|NA|NA|1
2101|2101|742|NA|742|8|F9|1745|349|5|NA|NA|NA|1
2103|2103|745|NA|745|8|A10|940|188|5|NA|NA|NA|2
2108|2108|644|NA|644|7|D9|1180|236|5|NA|NA|NA|1
2112|2112|404|NA|404|5|D3|2235|447|5|NA|NA|NA|2
2114|2114|720|NA|720|8|H6|2375|475|5|NA|NA|NA|1
2117|2117|523|NA|523|6|C6|2175|435|5|NA|NA|NA|1
2119|2119|592|NA|592|7|H2|1775|355|5|NA|NA|NA|1
2120|2120|695|NA|695|8|G3|2475|495|5|NA|NA|NA|1
2121|2121|173|NA|173|2|E10|315|21|15|NA|NA|NA|2
2125|2125|528|NA|528|6|H6|2485|497|5|NA|NA|NA|2
2127|2127|697|NA|697|8|A4|1255|251|5|NA|NA|NA|2
2128|2128|526|NA|526|6|F6|3150|630|5|NA|NA|NA|2
2134|2134|223|NA|223|3|G4|2590|518|5|NA|NA|NA|1
2135|2135|524|NA|524|6|D6|1015|203|5|NA|NA|NA|1
2138|2138|603|NA|603|7|C4|1225|245|5|NA|NA|NA|1
2141|2141|728|NA|728|8|H7|2200|440|5|NA|NA|NA|2
2142|2142|679|NA|679|8|G1|3850|770|5|NA|NA|NA|1
2143|2143|371|NA|371|4|C11|3375|675|5|NA|NA|NA|2
2144|2144|692|NA|692|8|D3|500|100|5|NA|NA|NA|2
2151|2151|718|NA|718|8|F6|1510|302|5|NA|NA|NA|1
2153|2153|448|NA|448|5|H8|1710|342|5|NA|NA|NA|2
2155|2155|565|NA|565|6|E11|1550|310|5|NA|NA|NA|1
2156|2156|568|NA|568|6|H11|1555|311|5|NA|NA|NA|2
2162|2162|331|NA|331|4|C6|1550|310|5|NA|NA|NA|1
2163|2163|238|NA|238|3|F6|1655|331|5|NA|NA|NA|1
2164|2164|744|NA|744|8|H9|1280|256|5|NA|NA|NA|1
2165|2165|564|NA|564|6|D11|1175|235|5|NA|NA|NA|1
2166|2166|566|NA|566|6|F11|1375|275|5|NA|NA|NA|1
2167|2167|328|NA|328|4|H5|1475|295|5|NA|NA|NA|2
2170|2170|469|NA|469|5|E11|660|132|5|NA|NA|NA|1
2171|2171|345|NA|345|4|A8|2925|585|5|NA|NA|NA|1
2174|2174|575|NA|575|6|G12|1305|261|5|NA|NA|NA|1
2178|2178|751|NA|751|8|G10|785|157|5|NA|NA|NA|2
2180|2180|438|NA|438|5|F7|1850|370|5|NA|NA|NA|1
2182|2182|726|NA|726|8|F7|2600|520|5|NA|NA|NA|1
2183|2183|233|NA|233|3|A6|1990|398|5|NA|NA|NA|1
2185|2185|580|NA|580|7|D1|1730|346|5|NA|NA|NA|2
2186|2186|581|NA|581|7|E1|1840|368|5|NA|NA|NA|2
2189|2189|583|NA|583|7|G1|610|122|5|NA|NA|NA|1
2191|2191|757|NA|757|8|E11|1530|306|5|NA|NA|NA|2
2195|2195|576|NA|576|6|H12|1705|341|5|NA|NA|NA|1
2198|2198|740|NA|740|8|D9|2765|553|5|NA|NA|NA|1
2199|2199|275|NA|275|3|C11|2405|481|5|NA|NA|NA|1
2202|2202|189|NA|189|2|E12|1195|239|5|NA|NA|NA|1
2209|2209|682|REU1006160|682|8|B2|2690|538|5|NA|NA|NA|2
2213|2213|758|NA|758|8|F11|410|82|5|NA|NA|NA|2
2217|2217|299|NA|299|4|C2|1870|374|5|NA|NA|NA|1
222|222|340|NA|340|4|D7|3010|602|5|NA|NA|NA|2
2222|2222|761|NA|761|8|A12|650|130|5|NA|NA|NA|2
2230|2230|578|NA|578|7|B1|1080|216|5|NA|NA|NA|2
2233|2233|482|NA|482|6|B1|1140|228|5|NA|NA|NA|2
224|224|588|NA|588|7|D2|2397.5|479.5|5|NA|NA|NA|1
2243|2243|585|NA|585|7|A2|1235|247|5|NA|NA|NA|1
2247|2247|738|NA|738|8|B9|1555|311|5|NA|NA|NA|1
2248|2248|741|NA|741|8|E9|1420|284|5|NA|NA|NA|2
2249|2249|270|NA|270|3|F10|1524|254|6|NA|NA|NA|1
225|225|195|NA|195|3|C1|1000|200|5|NA|NA|NA|2
2250|2250|587|NA|587|7|C2|1930|386|5|NA|NA|NA|2
2251|2251|700|NA|700|8|D4|1670|334|5|NA|NA|NA|1
2256|2256|703|NA|703|8|G4|3095|619|5|NA|NA|NA|1
2257|2257|701|NA|701|8|E4|2750|550|5|NA|NA|NA|1
2260|2260|168|NA|168|2|H9|2415|483|5|NA|NA|NA|2
2261|2261|688|NA|688|8|H2|1415|283|5|NA|NA|NA|2
2263|2263|702|NA|702|8|F4|1935|387|5|NA|NA|NA|1
2266|2266|584|NA|584|7|H1|760|152|5|NA|NA|NA|2
2274|2274|314|NA|314|4|B4|2345|469|5|NA|NA|NA|1
2278|2278|595|NA|595|7|C3|1925|385|5|NA|NA|NA|2
2283|2283|309|NA|309|4|E3|320|64|5|NA|NA|NA|1
2285|2285|594|NA|594|7|B3|2419.5|483.9|5|NA|NA|NA|2
2299|2299|339|NA|339|4|C7|1585|317|5|NA|NA|NA|1
2302|2302|675|NA|675|8|C1|1270|254|5|NA|NA|NA|1
2303|2303|240|NA|240|3|H6|3450|690|5|NA|NA|NA|1
2306|2306|319|NA|319|4|G4|1915|383|5|NA|NA|NA|1
2307|2307|604|NA|604|7|D4|1345|269|5|NA|NA|NA|1
2316|2316|313|NA|313|4|A4|3055|611|5|NA|NA|NA|1
2318|2318|752|NA|752|8|H10|985|197|5|NA|NA|NA|1
2320|2320|606|NA|606|7|F4|2165|433|5|NA|NA|NA|1
2333|2333|229|NA|229|3|E5|2945|589|5|NA|NA|NA|1
2334|2334|327|NA|327|4|G5|1085|217|5|NA|NA|NA|2
2342|2342|657|NA|657|7|A11|1595|319|5|NA|NA|NA|1
2343|2343|765|NA|765|8|E12|1620|324|5|NA|NA|NA|1
2344|2344|658|NA|658|7|B11|1300|260|5|NA|NA|NA|1
2350|2350|656|NA|656|7|H10|1215|243|5|NA|NA|NA|1
2355|2355|760|NA|760|8|H11|1905|381|5|NA|NA|NA|1
2357|2357|608|NA|608|7|H4|1545|309|5|NA|NA|NA|1
2362|2362|715|NA|715|8|C6|2115|423|5|NA|NA|NA|1
2363|2363|248|NA|248|3|H7|3160|632|5|NA|NA|NA|1
2367|2367|748|NA|748|8|D10|1245|249|5|NA|NA|NA|1
2372|2372|246|NA|246|3|F7|1285|257|5|NA|NA|NA|2
2382|2382|250|NA|250|3|B8|2360|472|5|NA|NA|NA|1
2386|2386|253|NA|253|3|E8|3080|616|5|NA|NA|NA|2
2389|2389|659|NA|659|7|C11|1525|305|5|NA|NA|NA|1
2393|2393|756|NA|756|8|D11|1050|210|5|NA|NA|NA|2
2399|2399|696|NA|696|8|H3|1420|284|5|NA|NA|NA|1
2408|2408|663|NA|663|7|G11|2065|413|5|NA|NA|NA|1
2414|2414|360|NA|360|4|H9|2140|428|5|NA|NA|NA|1
2423|2423|261|NA|261|3|E9|1330|266|5|NA|NA|NA|1
2425|2425|187|NA|187|2|C12|1405|281|5|NA|NA|NA|1
2426|2426|699|NA|699|8|C4|2095|419|5|NA|NA|NA|1
2428|2428|194|NA|194|3|B1|2070|414|5|NA|NA|NA|2
2429|2429|185|NA|185|2|A12|1395|279|5|NA|NA|NA|2
2431|2431|184|NA|184|2|H11|1430|286|5|NA|NA|NA|2
2435|2435|192|NA|192|2|H12|920|184|5|NA|NA|NA|2
2436|2436|180|NA|180|2|D11|2150|430|5|NA|NA|NA|2
2437|2437|683|NA|683|8|C2|2135|427|5|NA|NA|NA|2
2443|2443|693|NA|693|8|E3|1980|396|5|NA|NA|NA|1
2444|2444|743|NA|743|8|G9|1200|240|5|NA|NA|NA|1
2449|2449|763|NA|763|8|C12|1835|367|5|NA|NA|NA|1
2451|2451|686|NA|686|8|F2|3340|668|5|NA|NA|NA|1
2453|2453|198|NA|198|3|F1|2030|406|5|NA|NA|NA|2
2454|2454|684|NA|684|8|D2|3050|610|5|NA|NA|NA|1
2456|2456|366|NA|366|4|F10|1665|333|5|NA|NA|NA|1
2466|2466|154|NA|154|2|B8|2420|484|5|NA|NA|NA|1
2469|2469|485|NA|485|6|E1|765|153|5|NA|NA|NA|1
2470|2470|162|NA|162|2|B9|1210|242|5|NA|NA|NA|1
2471|2471|476|NA|476|5|D12|1595|319|5|NA|NA|NA|1
2473|2473|148|NA|148|2|D7|2140|428|5|NA|NA|NA|1
2475|2475|150|NA|150|2|F7|1125|225|5|NA|NA|NA|2
2476|2476|161|NA|161|2|A9|1610|322|5|NA|NA|NA|1
248|248|650|NA|650|7|B10|2235|447|5|NA|NA|NA|1
2480|2480|152|NA|152|2|H7|3400|680|5|NA|NA|NA|1
2481|2481|205|NA|205|3|E2|2755|551|5|NA|NA|NA|2
2487|2487|698|NA|698|8|B4|2340|468|5|NA|NA|NA|1
2491|2491|207|NA|207|3|G2|2170|434|5|NA|NA|NA|2
2497|2497|356|NA|356|4|D9|535|107|5|NA|NA|NA|2
250|250|613|NA|613|7|E5|1855|371|5|NA|NA|NA|2
2500|2500|171|NA|171|2|C10|2920|584|5|NA|NA|NA|2
2503|2503|694|NA|694|8|F3|2680|536|5|NA|NA|NA|1
2505|2505|421|NA|421|5|E5|1935|387|5|NA|NA|NA|1
2506|2506|209|NA|209|3|A3|1365|273|5|NA|NA|NA|2
2507|2507|202|NA|202|3|B2|2010|402|5|NA|NA|NA|1
2508|2508|422|NA|422|5|F5|3100|620|5|NA|NA|NA|1
2511|2511|721|NA|721|8|A7|1830|366|5|NA|NA|NA|2
2515|2515|220|NA|220|3|D4|2435|487|5|NA|NA|NA|1
2519|2519|218|NA|218|3|B4|2615|523|5|NA|NA|NA|1
2520|2520|249|NA|249|3|A8|2770|554|5|NA|NA|NA|2
2524|2524|224|NA|224|3|H4|2870|574|5|NA|NA|NA|2
253|253|530|NA|530|6|B7|495|99|5|NA|NA|NA|2
2530|2530|678|NA|678|8|F1|1585|317|5|NA|NA|NA|1
2538|2538|441|NA|441|5|A8|1675|335|5|NA|NA|NA|1
2540|2540|311|NA|311|4|G3|2730|546|5|NA|NA|NA|1
2545|2545|330|NA|330|4|B6|4390|878|5|NA|NA|NA|1
2552|2552|432|NA|432|5|H6|1285|257|5|NA|NA|NA|1
2556|2556|317|NA|317|4|E4|7350|490|15|NA|NA|NA|1
2563|2563|337|NA|337|4|A7|1950|390|5|NA|NA|NA|1
2564|2564|465|NA|465|5|A11|1425|285|5|NA|NA|NA|2
2565|2565|332|NA|332|4|D6|2585|517|5|NA|NA|NA|1
2569|2569|343|NA|343|4|G7|930|186|5|NA|NA|NA|2
2576|2576|338|NA|338|4|B7|1160|232|5|NA|NA|NA|1
2577|2577|430|NA|430|5|F6|1475|295|5|NA|NA|NA|2
2584|2584|681|REU1005829|681|8|A2|915|183|5|NA|NA|NA|2
2585|2585|433|NA|433|5|A7|1325|265|5|NA|NA|NA|2
2586|2586|239|NA|239|3|G6|3520|704|5|NA|NA|NA|1
2592|2592|346|NA|346|4|B8|1475|295|5|NA|NA|NA|1
2595|2595|705|NA|705|8|A5|2500|500|5|NA|NA|NA|1
2596|2596|251|NA|251|3|C8|2800|560|5|NA|NA|NA|1
2601|2601|335|NA|335|4|G6|3450|690|5|NA|NA|NA|2
2603|2603|388|NA|388|5|D1|1440|288|5|NA|NA|NA|1
2605|2605|235|NA|235|3|C6|2120|424|5|NA|NA|NA|2
2606|2606|254|NA|254|3|F8|2205|441|5|NA|NA|NA|2
2609|2609|262|NA|262|3|F9|6127|557|11|NA|NA|NA|1
2615|2615|276|NA|276|3|D11|2820|564|5|NA|NA|NA|1
2617|2617|255|NA|255|3|G8|1270|254|5|NA|NA|NA|1
2618|2618|258|NA|258|3|B9|2755|551|5|NA|NA|NA|2
2619|2619|383|NA|383|4|G12|1960|392|5|NA|NA|NA|1
262|262|536|NA|536|6|H7|545|109|5|NA|NA|NA|2
2621|2621|380|NA|380|4|D12|1125|225|5|NA|NA|NA|1
2622|2622|265|NA|265|3|A10|3060|612|5|NA|NA|NA|1
2623|2623|723|NA|723|8|C7|2145|429|5|NA|NA|NA|1
2624|2624|269|NA|269|3|E10|3375|675|5|NA|NA|NA|1
2627|2627|278|NA|278|3|F11|3410|682|5|NA|NA|NA|2
2628|2628|466|NA|466|5|B11|730|146|5|NA|NA|NA|2
2629|2629|260|NA|260|3|D9|2840|568|5|NA|NA|NA|2
263|263|140|NA|140|2|D6|3012|602.4|5|NA|NA|NA|1
2630|2630|259|NA|259|3|C9|3825|765|5|NA|NA|NA|1
2632|2632|266|NA|266|3|B10|2630|526|5|NA|NA|NA|1
2634|2634|264|NA|264|3|H9|2140|428|5|NA|NA|NA|1
2635|2635|291|NA|291|4|C1|3250|650|5|NA|NA|NA|2
2649|2649|298|NA|298|4|B2|2780|556|5|NA|NA|NA|1
2650|2650|283|NA|283|3|C12|2135|427|5|NA|NA|NA|1
2655|2655|464|NA|464|5|H10|1410|282|5|NA|NA|NA|1
2656|2656|294|NA|294|4|F1|2155|431|5|NA|NA|NA|2
2657|2657|706|NA|706|8|B5|1915|383|5|NA|NA|NA|1
2658|2658|392|NA|392|5|H1|985|197|5|NA|NA|NA|1
2659|2659|304|NA|304|4|H2|3855|771|5|NA|NA|NA|1
2660|2660|709|NA|709|8|E5|1620|324|5|NA|NA|NA|1
2661|2661|282|NA|282|3|B12|2840|568|5|NA|NA|NA|1
2663|2663|355|NA|355|4|C9|3225|645|5|NA|NA|NA|1
2665|2665|287|NA|287|3|G12|2930|586|5|NA|NA|NA|1
2667|2667|717|NA|717|8|E6|2630|526|5|NA|NA|NA|1
2668|2668|354|NA|354|4|B9|2500|500|5|NA|NA|NA|1
2669|2669|362|NA|362|4|B10|1790|358|5|NA|NA|NA|1
2670|2670|350|NA|350|4|F8|3455|691|5|NA|NA|NA|1
2672|2672|725|NA|725|8|E7|3955|791|5|NA|NA|NA|2
2674|2674|727|NA|727|8|G7|1405|281|5|NA|NA|NA|1
268|268|664|NA|664|7|H11|2055|411|5|NA|NA|NA|1
2682|2682|289|NA|289|4|A1|3260|652|5|NA|NA|NA|1
2685|2685|351|NA|351|4|G8|3575|715|5|NA|NA|NA|2
2689|2689|685|NA|685|8|E2|2985|597|5|NA|NA|NA|1
2690|2690|361|NA|361|4|A10|2065|413|5|NA|NA|NA|2
2692|2692|370|NA|370|4|B11|2465|493|5|NA|NA|NA|2
2694|2694|347|NA|347|4|C8|2495|499|5|NA|NA|NA|1
270|270|231|NA|231|3|G5|5175|1035|5|NA|NA|NA|1
2703|2703|285|NA|285|3|E12|3405|681|5|NA|NA|NA|2
2704|2704|414|NA|414|5|F4|1320|264|5|NA|NA|NA|1
2705|2705|300|NA|300|4|D2|2020|404|5|NA|NA|NA|2
2706|2706|367|NA|367|4|G10|3575|715|5|NA|NA|NA|2
2707|2707|711|NA|711|8|G5|1955|391|5|NA|NA|NA|1
2711|2711|349|NA|349|4|E8|2090|418|5|NA|NA|NA|1
2718|2718|374|NA|374|4|F11|2985|597|5|NA|NA|NA|2
2724|2724|425|NA|425|5|A6|3160|632|5|NA|NA|NA|1
2726|2726|401|NA|401|5|A3|3205|641|5|NA|NA|NA|1
2728|2728|415|NA|415|5|G4|3455|691|5|NA|NA|NA|2
2730|2730|424|NA|424|5|H5|1900|380|5|NA|NA|NA|2
2736|2736|402|NA|402|5|B3|2490|498|5|NA|NA|NA|1
2737|2737|412|NA|412|5|D4|1800|360|5|NA|NA|NA|2
2741|2741|411|NA|411|5|C4|2315|463|5|NA|NA|NA|2
2743|2743|406|NA|406|5|F3|2970|594|5|NA|NA|NA|1
2745|2745|427|NA|427|5|C6|3180|636|5|NA|NA|NA|1
2747|2747|403|NA|403|5|C3|1700|340|5|NA|NA|NA|1
2751|2751|413|NA|413|5|E4|1900|380|5|NA|NA|NA|1
2752|2752|419|NA|419|5|C5|2450|490|5|NA|NA|NA|2
2756|2756|426|NA|426|5|B6|3725|745|5|NA|NA|NA|1
2758|2758|400|NA|400|5|H2|2250|450|5|NA|NA|NA|1
2760|2760|428|NA|428|5|D6|3550|710|5|NA|NA|NA|1
2761|2761|407|NA|407|5|G3|2175|435|5|NA|NA|NA|1
2762|2762|434|NA|434|5|B7|1800|360|5|NA|NA|NA|1
2765|2765|443|NA|443|5|C8|2375|475|5|NA|NA|NA|1
2766|2766|445|NA|445|5|E8|3450|690|5|NA|NA|NA|1
2770|2770|733|NA|733|8|E8|1500|300|5|NA|NA|NA|1
2772|2772|446|NA|446|5|F8|350|70|5|NA|NA|NA|2
2773|2773|450|NA|450|5|B9|1890|378|5|NA|NA|NA|1
2782|2782|429|NA|429|5|E6|3250|650|5|NA|NA|NA|1
2784|2784|735|NA|735|8|G8|3700|740|5|NA|NA|NA|1
2788|2788|451|NA|451|5|C9|1440|288|5|NA|NA|NA|1
2791|2791|447|NA|447|5|G8|2660|532|5|NA|NA|NA|2
2795|2795|431|NA|431|5|G6|1150|230|5|NA|NA|NA|1
2796|2796|435|NA|435|5|C7|3360|672|5|NA|NA|NA|1
2802|2802|437|NA|437|5|E7|2160|432|5|NA|NA|NA|1
2805|2805|739|NA|739|8|C9|3050|610|5|NA|NA|NA|1
281|281|256|NA|256|3|H8|1380|276|5|NA|NA|NA|2
2815|2815|439|NA|439|5|G7|1850|370|5|NA|NA|NA|1
2816|2816|379|NA|379|4|C12|1555|311|5|NA|NA|NA|1
2818|2818|377|NA|377|4|A12|2530|506|5|NA|NA|NA|1
2820|2820|390|NA|390|5|F1|3325|665|5|NA|NA|NA|2
2821|2821|381|NA|381|4|E12|1600|320|5|NA|NA|NA|1
2824|2824|736|NA|736|8|H8|3090|618|5|NA|NA|NA|1
2830|2830|378|NA|378|4|B12|2900|580|5|NA|NA|NA|1
2840|2840|712|NA|712|8|H5|2395|479|5|NA|NA|NA|2
2848|2848|382|NA|382|4|F12|2325|465|5|NA|NA|NA|2
2850|2850|397|NA|397|5|E2|3250|650|5|NA|NA|NA|2
2855|2855|385|NA|385|5|A1|2565|513|5|NA|NA|NA|1
2869|2869|393|NA|393|5|A2|3550|710|5|NA|NA|NA|2
2870|2870|398|NA|398|5|F2|2840|568|5|NA|NA|NA|1
2872|2872|394|NA|394|5|B2|2105|421|5|NA|NA|NA|1
2875|2875|399|NA|399|5|G2|2190|438|5|NA|NA|NA|1
2882|2882|376|NA|376|4|H11|3800|760|5|NA|NA|NA|2
2885|2885|724|NA|724|8|D7|2625|525|5|NA|NA|NA|2
2893|2893|387|NA|387|5|C1|2050|410|5|NA|NA|NA|1
2895|2895|389|NA|389|5|E1|1100|220|5|NA|NA|NA|2
290|290|627|NA|627|7|C7|940|188|5|NA|NA|NA|2
293|293|630|NA|630|7|F7|2770|554|5|NA|NA|NA|2
3|3|674|NA|674|8|B1|890|178|5|NA|NA|NA|2
3001|3001|1|REU1000013|1|1|A1|2795|559|5|NA|5|NA|1
3004|REU1000243|769|NA|769|9|A1|2025|405|5|NA|NA|3004|2
3014|REU1000261|770|NA|770|9|B1|3795|759|5|NA|NA|3014|2
3024|3024|3|REU1000384|3|1|C1|3565|713|5|NA|NA|NA|1
3025|3025|6|REU1000410|6|1|F1|2505|501|5|NA|NA|NA|1
3026|3026|2|REU1000414|2|1|B1|1420|284|5|NA|NA|NA|2
3027|REU1000417|771|NA|771|9|C1|2600|520|5|NA|NA|3027|2
3031|REU1000461|772|NA|772|9|D1|2920|584|5|NA|NA|3031|1
3037|3037|7|REU1000528|7|1|G1|2910|582|5|NA|NA|NA|1
305|305|484|NA|484|6|D1|1375|275|5|NA|NA|NA|1
3057|REU1000844|773|NA|773|9|E1|2520|504|5|NA|NA|3057|1
3058|3058|4|REU1000840|4|1|D1|1700|340|5|NA|NA|NA|1
3061|REU1000862|774|NA|774|9|F1|3645|729|5|NA|NA|3061|2
3069|REU1000957|775|NA|775|9|G1|2215|443|5|NA|NA|3069|2
3077|REU1001044|776|NA|776|9|H1|2930|586|5|NA|NA|3077|1
3079|REU1001101|777|NA|777|9|A2|2425|485|5|NA|NA|3079|1
3084|REU1001332|778|NA|778|9|B2|2300|460|5|NA|NA|3084|1
3087|REU1001403|780|NA|780|9|D2|1170|234|5|NA|NA|3087|2
3093|REU1001389|779|NA|779|9|C2|1460|292|5|NA|NA|3093|1
3097|REU1001443|781|NA|781|9|E2|1380|276|5|NA|NA|3097|1
3099|3099|8|REU1001468|8|1|H1|2855|571|5|NA|NA|NA|1
310|310|193|NA|193|3|A1|1675|335|5|NA|NA|NA|1
3111|REU1001713|782|NA|782|9|F2|1575|315|5|NA|NA|3111|1
3116|REU1001829|783|NA|783|9|G2|1100|220|5|NA|NA|3116|1
3120|REU1001830|784|NA|784|9|H2|1945|389|5|NA|NA|3120|1
3122|REU1001896|785|NA|785|9|A3|1690|338|5|NA|NA|3122|1
3127|REU1001932|786|NA|786|9|B3|1810|362|5|NA|NA|3127|1
3134|REU1002023|787|NA|787|9|C3|2855|571|5|NA|NA|3134|2
3140|REU1002119|788|NA|788|9|D3|1435|287|5|NA|NA|3140|2
3141|REU1002120|789|NA|789|9|E3|2590|518|5|NA|NA|3141|2
3143|REU1002155|790|NA|790|9|F3|2205|441|5|NA|NA|3143|1
3146|REU1002156|791|NA|791|9|G3|3285|657|5|NA|NA|3146|1
315|315|490|NA|490|6|B2|2105|421|5|NA|NA|NA|2
3151|3151|9|REU1002296|9|1|A2|1480|296|5|NA|NA|NA|1
3153|3153|5|REU1002300|5|1|E1|2500|500|5|NA|NA|NA|2
3158|REU1002356|792|NA|792|9|H3|1525|305|5|NA|NA|3158|2
3159|REU1002358|793|NA|793|9|A4|1655|331|5|NA|NA|3159|1
3162|REU1002422|794|NA|794|9|B4|1515|303|5|NA|NA|3162|1
3164|REU1002455|795|NA|795|9|C4|830|166|5|NA|NA|3164|1
3179|REU1002588|796|NA|796|9|D4|2480|496|5|NA|NA|3179|1
3183|REU1003146|801|NA|801|9|A5|1655|331|5|NA|NA|3183|1
3184|REU1002709|797|NA|797|9|E4|2745|549|5|NA|NA|3184|1
3185|REU1002812|799|NA|799|9|G4|2650|530|5|NA|NA|3185|2
3186|3186|20|REU1002710|20|1|D3|2115|423|5|NA|NA|NA|1
3190|3190|18|REU1002788|18|1|B3|1420|284|5|NA|NA|NA|2
3201|REU1002884|800|NA|800|9|H4|2260|452|5|NA|NA|3201|1
3207|3207|21|REU1003106|21|1|E3|2450|490|5|NA|NA|NA|1
3210|3210|15|REU1003120|15|1|G2|4175|835|5|NA|NA|NA|1
3214|REU1003153|802|NA|802|9|B5|3365|673|5|NA|NA|3214|2
3217|REU1003187|803|NA|803|9|C5|1625|325|5|NA|NA|3217|2
3225|REU1002806|798|NA|798|9|F4|2795|559|5|NA|NA|3225|2
324|324|547|NA|547|6|C9|1918|383.6|5|NA|NA|NA|1
3242|3242|22|REU1003554|22|1|F3|2770|554|5|NA|NA|NA|1
3244|REU1003557|804|NA|804|9|D5|2375|475|5|NA|NA|3244|1
325|325|146|NA|146|2|B7|1500|300|5|NA|NA|NA|1
3251|REU1003712|805|NA|805|9|E5|1975|395|5|NA|NA|3251|2
3252|3252|10|REU1003710|10|1|B2|2265|453|5|NA|NA|NA|2
3253|3253|19|REU1003706|19|1|C3|2475|495|5|NA|NA|NA|2
3254|REU1003715|806|NA|806|9|F5|2460|492|5|NA|NA|3254|2
3256|REU1003717|807|NA|807|9|G5|4050|810|5|NA|NA|3256|2
3258|REU1003761|808|NA|808|9|H5|2920|584|5|NA|NA|3258|1
3260|REU1003831|809|NA|809|9|A6|1585|317|5|NA|NA|3260|1
3267|REU1003922|810|NA|810|9|B6|1360|272|5|NA|NA|3267|2
3271|REU1003995|811|NA|811|9|C6|1445|289|5|NA|NA|3271|1
3275|REU1004057|812|NA|812|9|D6|1360|272|5|NA|NA|3275|2
3280|REU1004163|813|NA|813|9|E6|915|183|5|NA|NA|3280|1
3281|3281|23|REU1004329|23|1|G3|2045|409|5|NA|NA|NA|2
3288|3288|16|REU1004387|16|1|H2|2995|599|5|NA|NA|NA|1
3292|3292|24|REU1004393|24|1|H3|2470|494|5|NA|NA|NA|1
3295|REU1004446|814|NA|814|9|F6|1175|235|5|NA|NA|3295|2
3299|3299|11|REU1004513|11|1|C2|1260|252|5|NA|NA|NA|2
3300|3300|17|REU1004515|17|1|A3|2630|526|5|NA|NA|NA|2
3304|REU1004557|815|NA|815|9|G6|1805|361|5|NA|NA|3304|2
3305|REU1004646|817|NA|817|9|A7|2805|561|5|NA|NA|3305|2
3307|REU1004627|816|NA|816|9|H6|1980|396|5|NA|NA|3307|1
3313|REU1004841|819|NA|819|9|C7|2965|593|5|NA|NA|3313|1
3323|REU1004836|818|NA|818|9|B7|1690|338|5|NA|NA|3323|1
3327|REU1004996|820|NA|820|9|D7|2175|435|5|NA|NA|3327|1
3340|REU1005222|821|NA|821|9|E7|1125|225|5|NA|NA|3340|2
3342|REU1005225|822|NA|822|9|F7|2035|407|5|NA|NA|3342|2
3343|3343|12|REU1005226|12|1|D2|1350|270|5|NA|NA|NA|1
3344|REU1005228|823|NA|823|9|G7|985|197|5|NA|NA|3344|1
3348|3348|13|REU1005275|13|1|E2|1995|399|5|NA|NA|NA|2
3358|REU1005459|824|NA|824|9|H7|1710|342|5|NA|NA|3358|2
3360|3360|14|REU2005560|14|1|F2|1645|329|5|NA|NA|NA|1
3361|REU2005563|825|NA|825|9|A8|2410|482|5|NA|NA|3361|1
3376|REU2005865|826|NA|826|9|B8|2275|455|5|NA|NA|3376|1
3382|REU2005872|827|NA|827|9|C8|1545|309|5|NA|NA|3382|1
3386|REU2005878|828|NA|828|9|D8|1700|340|5|NA|NA|3386|1
339|339|227|NA|227|3|C5|555|111|5|NA|NA|NA|1
3391|REU2006073|829|NA|829|9|E8|1330|266|5|NA|NA|3391|1
3393|3393|33|REU2006080|33|1|A5|2830|566|5|NA|NA|NA|1
3394|REU2006085|830|NA|830|9|F8|375|75|5|NA|NA|3394|1
3396|REU2006090|831|NA|831|9|G8|2295|459|5|NA|NA|3396|1
3397|3397|28|REU2006086|28|1|D4|2825|565|5|NA|NA|NA|1
340|340|396|NA|396|5|D2|2175|435|5|NA|NA|NA|1
3404|REU2006238|832|NA|832|9|H8|330|33|10|NA|NA|3404|1
3405|REU2006251|833|NA|833|9|A9|2675|535|5|NA|NA|3405|1
3414|REU2006303|834|NA|834|9|B9|3030|606|5|NA|NA|3414|1
3420|REU2006454|835|NA|835|9|C9|2040|408|5|NA|NA|3420|2
3425|REU2006547|836|NA|836|9|D9|1965|393|5|NA|NA|3425|1
3427|REU2006602|837|NA|837|9|E9|2575|515|5|NA|NA|3427|1
3428|3428|30|REU2006596|30|1|F4|3350|670|5|NA|NA|NA|2
3430|3430|25|REU2006550|25|1|A4|1560|312|5|NA|NA|NA|1
3436|3436|29|REU2007024|29|1|E4|2355|471|5|NA|NA|NA|1
3439|REU2006864|838|NA|838|9|F9|1425|285|5|NA|NA|3439|1
3440|REU2006866|839|NA|839|9|G9|1315|263|5|NA|NA|3440|1
3448|REU2007224|842|NA|842|9|B10|3041.65|608.33|5|NA|NA|3448|2
3450|REU2006872|840|NA|840|9|H9|1780|356|5|NA|NA|3450|1
3458|REU2007214|841|NA|841|9|A10|3455.45|691.09|5|NA|NA|3458|1
3459|REU2007649|847|NA|847|9|G10|1453.7|290.74|5|NA|NA|3459|1
3469|REU2007330|843|NA|843|9|C10|2284.7|456.94|5|NA|NA|3469|1
3471|REU2007616|846|NA|846|9|F10|1936.05|387.21|5|NA|NA|3471|1
3472|REU2007358|844|NA|844|9|D10|3613.4|722.68|5|NA|NA|3472|2
3475|REU2007492|845|NA|845|9|E10|2586.65|517.33|5|NA|NA|3475|1
3476|3476|31|REU2007493|31|1|G4|1667.7|333.54|5|NA|NA|NA|1
3483|REU2007652|848|NA|848|9|H10|2992.3|598.46|5|NA|NA|3483|1
3484|REU2007754|849|NA|849|9|A11|526.3|105.26|5|NA|NA|3484|1
3488|REU2007757|850|NA|850|9|B11|2307.65|461.53|5|NA|NA|3488|1
3494|REU2007851|851|NA|851|9|C11|3633.85|726.77|5|NA|NA|3494|2
3498|REU2007937|852|NA|852|9|D11|2975.35|595.07|5|NA|NA|3498|1
3500|REU2007941|853|NA|853|9|E11|3322.55|664.51|5|NA|NA|3500|2
3501|REU2007943|854|NA|854|9|F11|1747.3|349.46|5|NA|NA|3501|2
3511|REU2008137|855|NA|855|9|G11|2246|449.2|5|NA|NA|3511|2
3516|3516|32|REU2008261|32|1|H4|2449.75|489.95|5|NA|NA|NA|2
3517|REU2008257|856|NA|856|9|H11|2793.85|558.77|5|NA|NA|3517|2
3529|REU2008607|859|NA|859|9|C12|2264.55|452.91|5|NA|NA|3529|1
3530|REU2008594|857|NA|857|9|A12|2771.9|554.38|5|NA|NA|3530|1
3533|REU2008600|858|NA|858|9|B12|1750.35|350.07|5|NA|NA|3533|1
3537|REU2010321|877|NA|877|10|E2|14368|2873.6|5|NA|NA|3537|2
3540|REU2008739|860|NA|860|9|D12|2478|495.6|5|NA|NA|3540|1
3545|3545|26|REU2008748|26|1|B4|1799.05|359.81|5|NA|NA|NA|2
3559|REU2008967|861|NA|861|9|E12|2694.55|538.91|5|NA|NA|3559|2
3560|3560|27|REU2009120|27|1|C4|2406.45|481.29|5|NA|NA|NA|2
3561|REU2009118|862|NA|862|9|F12|1903.45|380.69|5|NA|NA|3561|2
3563|REU2009271|863|NA|863|9|G12|2740.9|548.18|5|NA|NA|3563|1
3571|REU2009277|864|NA|864|9|H12|1652.1|330.42|5|NA|NA|3571|1
3575|REU2009330|865|NA|865|10|A1|1873.55|374.71|5|NA|NA|3575|2
3576|3576|38|REU2010079|38|1|F5|2167.35|433.47|5|NA|NA|NA|2
3579|3579|54|REU2009353|54|1|F7|2797|559.4|5|NA|NA|NA|2
358|358|467|NA|467|5|C11|1000|200|5|NA|NA|NA|1
3581|3581|36|REU2009381|36|1|D5|2226.35|445.27|5|NA|NA|NA|1
3582|REU2009711|869|NA|869|10|E1|2156.75|431.35|5|NA|NA|3582|1
3591|REU2009584|866|NA|866|10|B1|2640.5|528.1|5|NA|NA|3591|1
3593|REU2009588|867|NA|867|10|C1|3909.9|781.98|5|NA|NA|3593|1
3597|REU2009683|868|NA|868|10|D1|2591.7|518.34|5|NA|NA|3597|1
3598|3598|44|REU2009685|44|1|D6|2836.3|567.26|5|NA|NA|NA|1
360|360|571|NA|571|6|C12|1265|253|5|NA|NA|NA|1
3603|3603|56|REU2009715|56|1|H7|2155.15|431.03|5|NA|NA|NA|1
3606|REU2009997|871|NA|871|10|G1|1530.25|306.05|5|NA|NA|3606|2
3607|REU2009850|870|NA|870|10|F1|2493.7|498.74|5|NA|NA|3607|1
3608|3608|34|REU2009851|34|1|B5|1706.4|341.28|5|NA|NA|NA|1
3609|3609|37|REU2009859|37|1|E5|1709.15|341.83|5|NA|NA|NA|2
3614|REU2010001|872|NA|872|10|H1|1587.35|317.47|5|NA|NA|3614|1
3616|3616|39|REU2010039|39|1|G5|2593.5|518.7|5|NA|NA|NA|2
3617|REU2010046|873|NA|873|10|A2|2489.6|497.92|5|NA|NA|3617|1
3618|3618|52|REU2010043|52|1|D7|1980.15|396.03|5|NA|NA|NA|1
3619|3619|45|REU2010081|45|1|E6|2946.6|589.32|5|NA|NA|NA|1
3622|REU2010185|875|NA|875|10|C2|1693.85|338.77|5|NA|NA|3622|2
3623|REU2010187|876|NA|876|10|D2|2647.2|529.44|5|NA|NA|3623|1
3625|REU2010182|874|NA|874|10|B2|1757.95|351.59|5|NA|NA|3625|1
3628|3628|46|REU2010245|46|1|F6|1878.2|375.64|5|NA|NA|NA|1
3630|REU2010546|882|NA|882|10|B3|2368.35|473.67|5|NA|NA|3630|2
3631|REU2010323|878|NA|878|10|F2|2260.2|452.04|5|NA|NA|3631|2
3637|REU2010413|879|NA|879|10|G2|3589.5|717.9|5|NA|NA|3637|1
3638|REU2010499|880|NA|880|10|H2|1733.35|346.67|5|NA|NA|3638|1
3639|REU2010504|881|NA|881|10|A3|1413.15|282.63|5|NA|NA|3639|1
3640|3640|50|REU2010505|50|1|B7|1808.5|361.7|5|NA|NA|NA|1
3649|REU2010657|883|NA|883|10|C3|2072.2|414.44|5|NA|NA|3649|1
3652|3652|47|REU2010730|47|1|G6|2303.7|460.74|5|NA|NA|NA|2
3655|3655|40|REU2010852|40|1|H5|3432.15|686.43|5|NA|NA|NA|1
3656|REU2010973|886|NA|886|10|F3|2719.8|543.96|5|NA|NA|3656|2
3657|3657|48|REU2010802|48|1|H6|3225.3|645.06|5|NA|NA|NA|2
3658|REU2010891|884|NA|884|10|D3|2429.5|485.9|5|NA|NA|3658|1
3659|REU2010970|885|NA|885|10|E3|2465.4|493.08|5|NA|NA|3659|1
3660|REU2010978|889|NA|889|10|A4|2674.2|534.84|5|NA|NA|3660|2
3661|REU2010977|888|NA|888|10|H3|1938.8|387.76|5|NA|NA|3661|1
3662|REU2010975|887|NA|887|10|G3|2475.15|495.03|5|NA|NA|3662|1
3664|REU2011307|890|NA|890|10|B4|613.65|122.73|5|NA|NA|3664|1
3665|REU2011308|891|NA|891|10|C4|453.95|90.79|5|NA|NA|3665|1
3667|REU2011324|892|NA|892|10|D4|1252.7|250.54|5|NA|NA|3667|1
3668|REU2011326|893|NA|893|10|E4|792.7|158.54|5|NA|NA|3668|1
3670|REU2011337|894|NA|894|10|F4|1390.65|278.13|5|NA|NA|3670|1
3675|REU2011340|895|NA|895|10|G4|705.15|141.03|5|NA|NA|3675|2
3678|REU2011348|896|NA|896|10|H4|703.35|140.67|5|NA|NA|3678|2
368|368|546|NA|546|6|B9|1451.5|290.3|5|NA|NA|NA|2
3685|REU2011385|897|NA|897|10|A5|1303.2|260.64|5|NA|NA|3685|1
3686|3686|41|REU2011454|41|1|A6|2492.9|498.58|5|NA|NA|NA|1
3688|REU2011594|898|NA|898|10|B5|235.2|3.36|70|NA|NA|3688|2
3689|REU2011653|899|NA|899|10|C5|2489.85|497.97|5|NA|NA|3689|2
369|369|145|NA|145|2|A7|380|38|10|NA|NA|NA|1
3694|REU2011662|900|NA|900|10|D5|3040.9|608.18|5|NA|NA|3694|1
3696|REU2011690|901|NA|901|10|E5|2089.95|417.99|5|NA|NA|3696|1
3699|REU2011693|902|NA|902|10|F5|4397.45|879.49|5|NA|NA|3699|1
3703|REU2011747|903|NA|903|10|G5|2063.3|412.66|5|NA|NA|3703|1
3704|3704|53|REU2011794|53|1|E7|2268.4|453.68|5|NA|NA|NA|1
3707|REU2011976|904|NA|904|10|H5|4603.25|920.65|5|NA|NA|3707|2
3711|REU2012009|905|NA|905|10|A6|1842.25|368.45|5|NA|NA|3711|2
3714|3714|55|REU2012016|55|1|G7|2374.15|474.83|5|NA|NA|NA|2
3717|3717|42|REU2012068|42|1|B6|1495.5|299.1|5|NA|NA|NA|1
372|372|102|NA|102|2|F1|375|25|15|NA|NA|NA|2
3723|REU2012188|906|NA|906|10|B6|1852.8|370.56|5|NA|NA|3723|1
3727|3727|49|REU2012276|49|1|A7|2826.7|565.34|5|NA|NA|NA|1
3730|REU2012425|909|NA|909|10|E6|4121.65|824.33|5|NA|NA|3730|1
3731|3731|43|REU2012332|43|1|C6|2041.95|408.39|5|NA|NA|NA|1
3732|3732|35|REU2012576|35|1|C5|2127.75|425.55|5|NA|NA|NA|2
3733|3733|51|REU2012336|51|1|C7|3052.05|610.41|5|NA|NA|NA|2
3734|REU2012374|907|NA|907|10|C6|2611.95|522.39|5|NA|NA|3734|1
3735|REU2012422|908|NA|908|10|D6|1632.35|326.47|5|NA|NA|3735|1
3736|REU2012427|910|NA|910|10|F6|2541.45|508.29|5|NA|NA|3736|2
3743|REU2012584|912|NA|912|10|H6|3715.1|743.02|5|NA|NA|3743|1
3745|REU2012502|911|NA|911|10|G6|1439.1|287.82|5|NA|NA|3745|2
3752|REU2012919|913|NA|913|10|A7|1349.95|269.99|5|NA|NA|3752|2
3756|3756|57|REU2012916|57|1|A8|1783.3|356.66|5|NA|NA|NA|1
3762|3762|72|REU2012984|72|1|H9|1689.8|337.96|5|NA|NA|NA|1
3764|REU2012989|914|NA|914|10|B7|2085.95|417.19|5|NA|NA|3764|1
3766|3766|65|REU2013004|65|1|A9|2230.55|446.11|5|NA|NA|NA|1
3770|REU2013079|915|NA|915|10|C7|3259.6|651.92|5|NA|NA|3770|1
3786|REU2013476|916|NA|916|10|D7|1758.95|351.79|5|NA|NA|3786|2
3794|REU2013578|918|NA|918|10|F7|2343.8|468.76|5|NA|NA|3794|1
3795|REU2013574|917|NA|917|10|E7|2522.45|504.49|5|NA|NA|3795|1
3796|REU2013719|919|NA|919|10|G7|3018.8|603.76|5|NA|NA|3796|2
38|38|535|NA|535|6|G7|400|50|8|NA|NA|NA|1
3803|REU2013725|920|NA|920|10|H7|2097.75|419.55|5|NA|NA|3803|1
3804|REU2013726|921|NA|921|10|A8|2035.9|407.18|5|NA|NA|3804|1
3806|3806|73|REU2013791|73|1|A10|2978.5|595.7|5|NA|NA|NA|1
3811|3811|60|REU2014019|60|1|D8|1811.2|362.24|5|NA|NA|NA|1
3818|REU2014070|922|NA|922|10|B8|2444.85|488.97|5|NA|NA|3818|2
3821|3821|66|REU2014123|66|1|B9|1890.05|378.01|5|NA|NA|NA|2
3822|3822|59|REU2014189|59|1|C8|2193.55|438.71|5|NA|NA|NA|1
3825|3825|68|REU2014386|68|1|D9|2241.8|448.36|5|NA|NA|NA|1
3829|REU2014252|923|NA|923|10|C8|2546.7|509.34|5|NA|NA|3829|2
3830|REU2014324|924|NA|924|10|D8|1583.05|316.61|5|NA|NA|3830|1
3834|3834|69|REU2014388|69|1|E9|2724.6|544.92|5|NA|NA|NA|2
3836|REU2014429|925|NA|925|10|E8|2365.3|473.06|5|NA|NA|3836|1
3838|3838|74|REU2014594|74|1|B10|4822.1|964.42|5|NA|NA|NA|1
3841|3841|61|REU2014782|61|1|E8|3408.55|681.71|5|NA|NA|NA|1
3844|REU2014694|927|NA|927|10|G8|1585.9|317.18|5|NA|NA|3844|1
3848|REU2014689|926|NA|926|10|F8|2013.1|402.62|5|NA|NA|3848|2
3849|REU2014781|928|NA|928|10|H8|2067.2|413.44|5|NA|NA|3849|1
3854|3854|58|REU2014816|58|1|B8|2577.85|515.57|5|NA|NA|NA|1
3855|REU2015165|931|NA|931|10|C9|2602|520.4|5|NA|NA|3855|1
3863|3863|70|REU2015108|70|1|F9|590.95|118.19|5|NA|NA|NA|1
3866|REU2015105|929|NA|929|10|A9|609.35|121.87|5|NA|NA|3866|1
3873|REU2015156|930|NA|930|10|B9|2662.85|532.57|5|NA|NA|3873|1
3877|REU2015454|933|NA|933|10|E9|3181.95|636.39|5|NA|NA|3877|1
3878|3878|67|REU2015260|67|1|C9|3127.9|625.58|5|NA|NA|NA|1
3880|REU2015391|932|NA|932|10|D9|2066.3|413.26|5|NA|NA|3880|2
3889|REU2015664|935|NA|935|10|G9|2474.25|494.85|5|NA|NA|3889|1
389|389|689|NA|689|8|A3|1020|204|5|NA|NA|NA|1
3892|REU2015565|934|NA|934|10|F9|2636.75|527.35|5|NA|NA|3892|1
3893|3893|64|REU2015668|64|1|H8|310.55|62.11|5|NA|NA|NA|1
3905|REU2015824|936|NA|936|10|H9|1116.4|223.28|5|NA|NA|3905|2
3907|REU2015827|937|NA|937|10|A10|1733|346.6|5|NA|NA|3907|2
3908|REU2016011|939|NA|939|10|C10|1055.85|211.17|5|NA|NA|3908|2
3911|REU2016005|938|NA|938|10|B10|891.8|178.36|5|NA|NA|3911|1
3913|3913|62|REU2016048|62|1|F8|2067.65|413.53|5|NA|NA|NA|1
3914|3914|71|REU2016052|71|1|G9|2893.95|578.79|5|NA|NA|NA|2
3915|REU2016107|940|NA|940|10|D10|3276.15|655.23|5|NA|NA|3915|1
3923|REU2016302|941|NA|941|10|E10|1939.55|387.91|5|NA|NA|3923|1
3930|REU2016481|942|NA|942|10|F10|1029.25|205.85|5|NA|NA|3930|2
3931|3931|63|REU2016520|63|1|G8|3023.2|604.64|5|NA|NA|NA|1
3932|REU2016522|943|NA|943|10|G10|2595.05|519.01|5|NA|NA|3932|2
3936|REU2016559|944|NA|944|10|H10|2292.55|458.51|5|NA|NA|3936|2
3941|REU2016733|946|NA|946|10|B11|1656.2|331.24|5|NA|NA|3941|1
3942|3942|82|REU2016696|82|1|B11|3098.9|619.78|5|NA|NA|NA|1
3943|REU2016698|945|NA|945|10|A11|1850.6|370.12|5|NA|NA|3943|2
3948|3948|83|REU2016794|83|1|C11|1641.45|328.29|5|NA|NA|NA|1
3951|REU2016895|947|NA|947|10|C11|2834.15|566.83|5|NA|NA|3951|2
3955|3955|79|REU2017008|79|1|G10|3864.7|772.94|5|NA|NA|NA|2
3963|3963|84|REU2017178|84|1|D11|2571|514.2|5|NA|NA|NA|1
3966|REU2017404|948|NA|948|10|D11|2856.3|571.26|5|NA|NA|3966|2
3969|REU2017408|949|NA|949|10|E11|2011.8|402.36|5|NA|NA|3969|1
3971|3971|85|REU2017411|85|1|E11|3827.9|765.58|5|NA|NA|NA|2
3976|REU2017500|950|NA|950|10|F11|2179.45|435.89|5|NA|NA|3976|2
3981|REU2017568|951|NA|951|10|G11|1930|386|5|NA|NA|3981|2
3985|REU2017769|952|NA|952|10|H11|2378.65|475.73|5|NA|NA|3985|1
3993|REU2017939|954|NA|954|10|B12|1892.5|378.5|5|NA|NA|3993|2
3994|REU2017936|953|NA|953|10|A12|3962.05|792.41|5|NA|NA|3994|1
40|40|455|NA|455|5|G9|1890|378|5|NA|NA|NA|1
4004|REU2018296|955|NA|955|10|C12|3365.55|673.11|5|NA|NA|4004|1
4007|4007|80|REU2018297|80|1|H10|2478.8|495.76|5|NA|NA|NA|2
4008|4008|78|REU2018305|78|1|F10|1982.45|396.49|5|NA|NA|NA|1
4010|REU2018307|956|NA|956|10|D12|2269|453.8|5|NA|NA|4010|1
4013|REU2018564|957|NA|957|10|E12|3543.7|708.74|5|NA|NA|4013|2
4019|REU2018601|958|NA|958|10|F12|2507.35|501.47|5|NA|NA|4019|2
4020|REU2018668|959|NA|959|10|G12|2789.6|557.92|5|NA|NA|4020|2
4022|REU2018681|960|NA|960|10|H12|2286.7|457.34|5|NA|NA|4022|2
4025|REU2018780|961|NA|961|11|A1|639.25|127.85|5|NA|NA|4025|1
4026|REU2018785|962|NA|962|11|B1|3244|648.8|5|NA|NA|4026|1
4030|4030|81|REU2018824|81|1|A11|5644|1128.8|5|NA|NA|NA|2
4033|REU2018941|963|NA|963|11|C1|2793.7|558.74|5|NA|NA|4033|1
4036|REU2019004|964|NA|964|11|D1|2441.3|488.26|5|NA|NA|4036|1
4042|REU2019061|965|NA|965|11|E1|1856.8|371.36|5|NA|NA|4042|1
4047|REU2019504|966|NA|966|11|F1|2961.4|592.28|5|NA|NA|4047|1
4061|REU2019561|967|NA|967|11|G1|1711.25|342.25|5|NA|NA|4061|1
4066|REU2019735|968|NA|968|11|H1|1757.05|351.41|5|NA|NA|4066|1
4072|REU2020074|970|NA|970|11|B2|2751.9|550.38|5|NA|NA|4072|2
4074|REU2019852|969|NA|969|11|A2|2616.05|523.21|5|NA|NA|4074|1
4083|REU2020152|972|NA|972|11|D2|2198.9|439.78|5|NA|NA|4083|1
4085|REU2020151|971|NA|971|11|C2|3530.85|706.17|5|NA|NA|4085|2
4088|4088|76|REU2020252|76|1|D10|1972.8|394.56|5|NA|NA|NA|1
4090|REU2020298|973|NA|973|11|E2|2620.25|524.05|5|NA|NA|4090|2
4092|REU2020300|974|NA|974|11|F2|1716.5|343.3|5|NA|NA|4092|1
4093|4093|75|REU2020346|75|1|C10|1476.8|295.36|5|NA|NA|NA|2
4100|4100|77|REU2020484|77|1|E10|2128.95|425.79|5|NA|NA|NA|1
4105|REU2020626|975|NA|975|11|G2|2229.2|445.84|5|NA|NA|4105|1
4108|REU2020783|976|NA|976|11|H2|2665.55|533.11|5|NA|NA|4108|1
4109|REU2020850|977|NA|977|11|A3|1836.6|367.32|5|NA|NA|4109|2
4118|REU2020904|978|NA|978|11|B3|2393.7|478.74|5|NA|NA|4118|2
4119|REU2020926|979|NA|979|11|C3|2538.45|507.69|5|NA|NA|4119|1
4121|4121|86|REU2020982|86|1|F11|2586.8|517.36|5|NA|NA|NA|1
4122|4122|87|REU2020996|87|1|G11|2904.75|580.95|5|NA|NA|NA|2
4123|REU2021001|980|NA|980|11|D3|2857.95|571.59|5|NA|NA|4123|1
4124|REU2021003|981|NA|981|11|E3|1828.75|365.75|5|NA|NA|4124|2
4132|4132|91|REU2021427|91|1|C12|3152.25|630.45|5|NA|NA|NA|1
4133|4133|100|REU2021289|100|2|D1|2065.2|413.04|5|NA|NA|NA|1
4136|REU2021429|982|NA|982|11|F3|1453.9|290.78|5|NA|NA|4136|1
4137|REU2021467|983|NA|983|11|G3|1255|251|5|NA|NA|4137|1
4140|REU2021563|984|NA|984|11|H3|2144.1|428.82|5|NA|NA|4140|1
4149|REU2021797|985|NA|985|11|A4|2073.4|414.68|5|NA|NA|4149|1
4151|REU2021830|986|NA|986|11|B4|2539.4|507.88|5|NA|NA|4151|1
4152|4152|94|REU2021915|94|1|F12|4283.35|856.67|5|NA|NA|NA|1
4164|REU2022211|987|NA|987|11|C4|3560.9|712.18|5|NA|NA|4164|2
4166|REU2022283|988|NA|988|11|D4|2043.6|408.72|5|NA|NA|4166|NA
4167|4167|88|REU2022284|88|1|H11|3873.5|774.7|5|NA|NA|NA|1
4170|REU2022366|989|NA|989|11|E4|2826.2|565.24|5|NA|NA|4170|2
4172|REU2022370|990|NA|990|11|F4|3508|701.6|5|NA|NA|4172|1
4174|REU2022438|991|NA|991|11|G4|2650.55|530.11|5|NA|NA|4174|2
4180|REU2022516|992|NA|992|11|H4|3367.7|673.54|5|NA|NA|4180|1
4181|REU2022583|993|NA|993|11|A5|1238.5|247.7|5|NA|NA|4181|1
4183|4183|97|REU2022614|97|2|A1|2297.6|459.52|5|NA|NA|NA|1
4190|REU2022943|996|NA|996|11|D5|2575.35|515.07|5|NA|NA|4190|1
4191|REU2022939|994|NA|994|11|B5|1821.5|364.3|5|NA|NA|4191|2
4192|REU2022944|997|NA|997|11|E5|2669.85|533.97|5|NA|NA|4192|1
4193|REU2022940|995|NA|995|11|C5|2606.15|521.23|5|NA|NA|4193|2
4195|REU2022978|998|NA|998|11|F5|3270.6|654.12|5|NA|NA|4195|1
4198|4198|101|REU2022980|101|2|E1|1326.4|265.28|5|NA|NA|NA|2
4204|REU2023093|1000|NA|1000|11|H5|3392.3|678.46|5|NA|NA|4204|1
4206|REU2023092|999|NA|999|11|G5|2259.85|451.97|5|NA|NA|4206|2
4209|REU2023238|1001|NA|1001|11|A6|2260.95|452.19|5|NA|NA|4209|1
4211|4211|98|REU2023364|98|2|B1|2835|567|5|NA|NA|NA|2
4213|REU2023448|1002|NA|1002|11|B6|3131.3|626.26|5|NA|NA|4213|1
4215|REU2023575|1003|NA|1003|11|C6|2339.75|467.95|5|NA|NA|4215|1
4218|4218|95|REU2023570|95|1|G12|2473.95|494.79|5|NA|NA|NA|1
4219|4219|99|REU2023572|99|2|C1|4748.8|949.76|5|NA|NA|NA|2
4223|4223|89|REU2023684|89|1|A12|1423.3|284.66|5|NA|NA|NA|1
4228|REU2023894|1005|NA|1005|11|E6|984.25|196.85|5|NA|NA|4228|1
4230|REU2023896|1006|NA|1006|11|F6|1524.7|304.94|5|NA|NA|4230|1
4231|REU2023899|1007|NA|1007|11|G6|1828.15|365.63|5|NA|NA|4231|1
4232|REU2023855|1004|NA|1004|11|D6|2154.05|430.81|5|NA|NA|4232|2
4235|REU2023954|1008|NA|1008|11|H6|3330.2|666.04|5|NA|NA|4235|1
4242|REU2024112|1009|NA|1009|11|A7|1780.8|356.16|5|NA|NA|4242|2
4247|4247|96|REU2024334|96|1|H12|2571.3|514.26|5|NA|NA|NA|1
4249|REU2024418|1010|NA|1010|11|B7|1906.4|381.28|5|NA|NA|4249|1
4254|4254|92|REU2024580|92|1|D12|1246.55|249.31|5|NA|NA|NA|1
4255|REU2024584|1011|NA|1011|11|C7|1601.55|320.31|5|NA|NA|4255|2
4257|REU2024633|1012|NA|1012|11|D7|2343.5|468.7|5|NA|NA|4257|2
4259|REU2024672|1015|NA|1015|11|G7|2690.5|538.1|5|NA|NA|4259|2
4261|4261|90|REU2024674|90|1|B12|2421|484.2|5|NA|NA|NA|1
4262|REU2024666|1013|NA|1013|11|E7|2125.55|425.11|5|NA|NA|4262|2
4263|REU2024671|1014|NA|1014|11|F7|2714.6|542.92|5|NA|NA|4263|1
4264|4264|93|REU2024696|93|1|E12|2566|513.2|5|NA|NA|NA|1
4268|REU2024748|1016|NA|1016|11|H7|2027|405.4|5|NA|NA|4268|2
4273|REU2024823|1017|NA|1017|11|A8|1923|384.6|5|NA|NA|4273|1
4274|REU2024842|1018|NA|1018|11|B8|3538.85|707.77|5|NA|NA|4274|2
4276|REU2024947|1019|NA|1019|11|C8|427.5|42.75|10|NA|NA|4276|2
4277|REU2024948|1020|NA|1020|11|D8|3296.65|659.33|5|NA|NA|4277|1
4279|REU2025008|1021|NA|1021|11|E8|2652.05|530.41|5|NA|NA|4279|1
4283|REU2025233|1024|NA|1024|11|H8|2483.2|496.64|5|NA|NA|4283|2
4285|REU2025226|1022|NA|1022|11|F8|1718.25|343.65|5|NA|NA|4285|1
4288|REU2025231|1023|NA|1023|11|G8|1799.6|359.92|5|NA|NA|4288|2
4289|REU2025255|1025|NA|1025|11|A9|2981.6|596.32|5|NA|NA|4289|NA
4291|REU2025277|1027|NA|1027|11|C9|2722.25|544.45|5|NA|NA|4291|1
4292|REU2025275|1026|NA|1026|11|B9|3605.8|721.16|5|NA|NA|4292|1
4294|REU2025490|1028|NA|1028|11|D9|3970.5|794.1|5|NA|NA|4294|2
4301|REU2025785|1029|NA|1029|11|E9|2774.9|554.98|5|NA|NA|4301|1
4302|REU2025787|1030|NA|1030|11|F9|2170.9|434.18|5|NA|NA|4302|1
4304|REU2025807|1031|NA|1031|11|G9|3706.55|741.31|5|NA|NA|4304|2
4314|REU2026137|1032|NA|1032|11|H9|3386.4|677.28|5|NA|NA|4314|1
4316|REU2026212|1033|NA|1033|11|A10|2661.7|532.34|5|NA|NA|4316|1
432|432|500|NA|500|6|D3|1225|245|5|NA|NA|NA|1
4321|REU2026309|1035|NA|1035|11|C10|931.15|186.23|5|NA|NA|4321|1
4324|REU2026308|1034|NA|1034|11|B10|3278.35|655.67|5|NA|NA|4324|1
4326|REU2026419|1036|NA|1036|11|D10|1808.2|361.64|5|NA|NA|4326|2
4327|REU2026427|1037|NA|1037|11|E10|4795.5|959.1|5|NA|NA|4327|NA
4342|REU2027099|1038|NA|1038|11|F10|1079.05|215.81|5|NA|NA|4342|1
4345|REU2027163|1039|NA|1039|11|G10|665.6|133.12|5|NA|NA|4345|2
453|453|671|NA|671|7|G12|2215|443|5|NA|NA|NA|1
459|459|670|NA|670|7|F12|500|100|5|NA|NA|NA|1
474|474|673|NA|673|8|A1|445|89|5|NA|NA|NA|1
487|487|662|NA|662|7|F11|1310|262|5|NA|NA|NA|2
492|492|457|NA|457|5|A10|1902.5|380.5|5|NA|NA|NA|2
495|495|552|NA|552|6|H9|2665|533|5|NA|NA|NA|1
5|5|493|NA|493|6|E2|731|146.2|5|NA|NA|NA|1
503|503|667|NA|667|7|C12|995|199|5|NA|NA|NA|1
506|506|297|NA|297|4|A2|2465|493|5|NA|NA|NA|1
511|511|676|NA|676|8|D1|800|160|5|NA|NA|NA|2
512|512|487|NA|487|6|G1|1890|378|5|NA|NA|NA|1
519|519|149|NA|149|2|E7|1025|205|5|NA|NA|NA|1
521|521|672|NA|672|7|H12|360|24|15|NA|NA|NA|2
524|524|677|NA|677|8|E1|1095|219|5|NA|NA|NA|1
528|528|165|NA|165|2|E9|400|40|10|NA|NA|NA|1
530|530|103|NA|103|2|G1|375|25|15|NA|NA|NA|1
536|536|197|NA|197|3|E1|1440|288|5|NA|NA|NA|1
545|545|416|NA|416|5|H4|2365|473|5|NA|NA|NA|1
55|55|495|NA|495|6|G2|1017|203.4|5|NA|NA|NA|1
554|554|228|NA|228|3|D5|2315|463|5|NA|NA|NA|2
557|557|167|NA|167|2|G9|560|112|5|NA|NA|NA|2
562|562|170|NA|170|2|B10|1964.5|392.9|5|NA|NA|NA|1
59|59|666|NA|666|7|B12|800|160|5|NA|NA|NA|1
604|604|654|NA|654|7|F10|1095|219|5|NA|NA|NA|1
609|609|544|NA|544|6|H8|1122.5|224.5|5|NA|NA|NA|2
61|61|567|NA|567|6|G11|460|46|10|NA|NA|NA|2
612|612|164|NA|164|2|D9|756|151.2|5|NA|NA|NA|1
616|616|234|NA|234|3|B6|1070|214|5|NA|NA|NA|1
622|622|172|NA|172|2|D10|1620|324|5|NA|NA|NA|2
626|626|494|NA|494|6|F2|681|136.2|5|NA|NA|NA|2
631|631|245|NA|245|3|E7|1785|357|5|NA|NA|NA|1
632|632|247|NA|247|3|G7|1940|388|5|NA|NA|NA|1
639|639|181|NA|181|2|E11|1285|257|5|NA|NA|NA|2
64|64|661|NA|661|7|E11|500|50|10|NA|NA|NA|2
641|641|508|NA|508|6|D4|965|193|5|NA|NA|NA|1
645|645|241|NA|241|3|A7|3495|699|5|NA|NA|NA|1
652|652|177|NA|177|2|A11|3664|732.8|5|NA|NA|NA|2
655|655|273|NA|273|3|A11|2560|512|5|NA|NA|NA|1
656|656|458|NA|458|5|B10|992.5|198.5|5|NA|NA|NA|1
66|66|510|NA|510|6|F4|2081.5|416.3|5|NA|NA|NA|1
660|660|306|NA|306|4|B3|1485|297|5|NA|NA|NA|1
68|68|499|NA|499|6|C3|419.5|83.9|5|NA|NA|NA|1
683|683|537|NA|537|6|A8|500|50|10|NA|NA|NA|2
684|684|174|NA|174|2|F10|1160.5|232.1|5|NA|NA|NA|1
685|685|104|NA|104|2|H1|500|50|10|NA|NA|NA|1
693|693|623|NA|623|7|G6|1600|320|5|NA|NA|NA|2
700|700|200|NA|200|3|H1|1945|389|5|NA|NA|NA|2
710|710|514|NA|514|6|B5|835|167|5|NA|NA|NA|2
712|712|284|NA|284|3|D12|330|66|5|NA|NA|NA|2
724|724|486|NA|486|6|F1|1705|341|5|NA|NA|NA|1
729|729|199|NA|199|3|G1|1215|243|5|NA|NA|NA|1
730|730|488|NA|488|6|H1|870|174|5|NA|NA|NA|1
735|735|473|NA|473|5|A12|955|191|5|NA|NA|NA|1
738|738|201|NA|201|3|A2|1421|284.2|5|NA|NA|NA|1
754|754|641|NA|641|7|A9|350|70|5|NA|NA|NA|2
76|76|279|NA|279|3|G11|1740|348|5|NA|NA|NA|1
761|761|175|NA|175|2|G10|2350|470|5|NA|NA|NA|1
766|766|133|NA|133|2|E5|1420|284|5|NA|NA|NA|2
777|777|237|NA|237|3|E6|3575|715|5|NA|NA|NA|2
779|779|105|NA|105|2|A2|500|50|10|NA|NA|NA|1
795|795|690|NA|690|8|B3|1815|363|5|NA|NA|NA|2
802|802|614|NA|614|7|F5|1030|206|5|NA|NA|NA|1
806|806|106|NA|106|2|B2|500|50|10|NA|NA|NA|2
812|812|210|NA|210|3|B3|869.5|173.9|5|NA|NA|NA|1
815|815|213|NA|213|3|E3|2314.6|462.92|5|NA|NA|NA|1
817|817|543|NA|543|6|G8|1157.5|231.5|5|NA|NA|NA|1
823|823|212|NA|212|3|D3|1179.45|235.89|5|NA|NA|NA|1
824|824|134|NA|134|2|F5|1190|238|5|NA|NA|NA|1
829|829|214|NA|214|3|F3|1317.6|263.52|5|NA|NA|NA|2
831|831|590|NA|590|7|F2|1235|247|5|NA|NA|NA|1
835|835|135|NA|135|2|G5|1710|342|5|NA|NA|NA|2
839|839|139|NA|139|2|C6|940|188|5|NA|NA|NA|1
840|840|141|NA|141|2|E6|385|77|5|NA|NA|NA|2
847|847|277|NA|277|3|E11|3585|717|5|NA|NA|NA|1
849|849|596|NA|596|7|D3|2300|460|5|NA|NA|NA|1
852|852|638|NA|638|7|F8|1960|392|5|NA|NA|NA|1
857|857|215|NA|215|3|G3|635|127|5|NA|NA|NA|1
858|858|208|NA|208|3|H2|2455.1|491.02|5|NA|NA|NA|1
863|863|136|NA|136|2|H5|1480|296|5|NA|NA|NA|1
866|866|137|NA|137|2|A6|640|128|5|NA|NA|NA|1
869|869|211|NA|211|3|C3|1291|258.2|5|NA|NA|NA|2
871|871|647|NA|647|7|G9|1215|243|5|NA|NA|NA|1
878|878|271|NA|271|3|G10|4390|878|5|NA|NA|NA|2
891|891|303|NA|303|4|G2|1795|359|5|NA|NA|NA|1
897|897|143|NA|143|2|G6|1415|283|5|NA|NA|NA|1
911|911|190|NA|190|2|F12|1510|302|5|NA|NA|NA|1
917|917|107|NA|107|2|C2|375|25|15|NA|NA|NA|2
918|918|206|NA|206|3|F2|1150|230|5|NA|NA|NA|1
930|930|648|NA|648|7|H9|2015|403|5|NA|NA|NA|1
935|935|502|NA|502|6|F3|725|145|5|NA|NA|NA|2
936|936|498|NA|498|6|B3|875|175|5|NA|NA|NA|1
937|937|574|NA|574|6|F12|675|135|5|NA|NA|NA|2
939|939|517|NA|517|6|E5|266|53.2|5|NA|NA|NA|2
946|946|509|NA|509|6|E4|823|164.6|5|NA|NA|NA|1
95|95|375|NA|375|4|G11|2440|488|5|NA|NA|NA|1
950|950|252|NA|252|3|D8|1300|260|5|NA|NA|NA|1
954|954|308|NA|308|4|D3|3460|692|5|NA|NA|NA|1
956|956|147|NA|147|2|C7|720|144|5|NA|NA|NA|2
959|959|607|NA|607|7|G4|455|91|5|NA|NA|NA|1
968|968|321|NA|321|4|A5|1745|349|5|NA|NA|NA|1
973|973|144|NA|144|2|H6|835|167|5|NA|NA|NA|2
974|974|691|NA|691|8|C3|500|50|10|NA|NA|NA|1
978|978|204|NA|204|3|D2|805|161|5|NA|NA|NA|2
99|99|470|NA|470|5|F11|1665|333|5|NA|NA|NA|1
990|990|563|NA|563|6|C11|885|177|5|NA|NA|NA|1
not correct|not correct|125|NA|125|2|E4|NA|NA|NA|NA|NA|NA|NA
not correct|not correct|131|NA|131|2|C5|NA|NA|NA|NA|NA|NA|NA
not correct|not correct|118|NA|118|2|F3|NA|NA|NA|NA|NA|NA|NA
not correct|not correct|119|NA|119|2|G3|NA|NA|NA|NA|NA|NA|NA
