17 577
18 769
19 865
20 673
21 385
22 481
23 289
24 1
25 97
26 193
39 985
41 937
42 553
43 745
44 841
45 457
46 649
47 361
48 73
49 169
50 265
65 697
66 409
67 601
68 793
69 505
70 889
71 121
72 217
73 313
74 25
87 961
89 913
90 721
91 529
92 433
93 817
94 625
95 49
96 337
97 145
98 241
111 997
113 949
114 565
115 757
116 853
117 469
118 661
119 373
120 85
121 181
122 277
139 589
140 781
141 877
142 685
143 397
144 493
145 301
146 13
147 109
148 205
163 709
164 421
165 613
166 805
167 517
168 901
169 133
170 229
171 325
172 37
185 973
187 925
188 733
189 541
190 445
191 829
192 637
193 61
194 349
195 157
196 253
211 1012
213 583
214 775
215 871
216 679
217 391
218 487
219 295
220 7
221 103
222 199
234 1032
235 991
237 943
238 559
239 751
240 847
241 463
242 655
243 367
244 79
245 175
246 271
259 1021
261 703
262 415
263 607
264 799
265 511
266 895
267 127
268 223
269 319
270 31
282 1027
283 967
285 919
286 727
287 535
288 439
289 823
290 631
291 55
292 343
293 151
294 247
307 1003
309 955
310 571
311 763
312 859
313 475
314 667
315 379
316 91
317 187
318 283
335 595
336 787
337 883
338 691
339 403
340 499
341 307
342 19
343 115
344 211
359 715
360 427
361 619
362 811
363 523
364 907
365 139
366 235
367 331
368 43
381 979
383 931
384 739
385 547
386 451
387 835
388 643
389 67
390 355
391 163
392 259
409 578
410 770
411 866
412 674
413 386
414 482
415 290
416 2
417 98
418 194
431 986
433 938
434 554
435 746
436 842
437 458
438 650
439 362
440 74
441 170
442 266
457 698
458 410
459 602
460 794
461 506
462 890
463 122
464 218
465 314
466 26
479 962
481 914
482 722
483 530
484 434
485 818
486 626
487 50
488 338
489 146
490 242
502 1034
503 998
505 950
506 566
507 758
508 854
509 470
510 662
511 374
512 86
513 182
514 278
531 590
532 782
533 878
534 686
535 398
536 494
537 302
538 14
539 110
540 206
555 710
556 422
557 614
558 806
559 518
560 902
561 134
562 230
563 326
564 38
577 974
579 926
580 734
581 542
582 446
583 830
584 638
585 62
586 350
587 158
588 254
603 1013
605 584
606 776
607 872
608 680
609 392
610 488
611 296
612 8
613 104
614 200
626 1033
627 992
629 944
630 560
631 752
632 848
633 464
634 656
635 368
636 80
637 176
638 272
651 1022
653 704
654 416
655 608
656 800
657 512
658 896
659 128
660 224
661 320
662 32
674 1028
675 968
677 920
678 728
679 536
680 440
681 824
682 632
683 56
684 344
685 152
686 248
699 1004
701 956
702 572
703 764
704 860
705 476
706 668
707 380
708 92
709 188
710 284
727 596
728 788
729 884
730 692
731 404
732 500
733 308
734 20
735 116
736 212
751 716
752 428
753 620
754 812
755 524
756 908
757 140
758 236
759 332
760 44
773 980
775 932
776 740
777 548
778 452
779 836
780 644
781 68
782 356
783 164
784 260
801 579
802 771
803 867
804 675
805 387
806 483
807 291
808 3
809 99
810 195
823 987
825 939
826 555
827 747
828 843
829 459
830 651
831 363
832 75
833 171
834 267
849 699
850 411
851 603
852 795
853 507
854 891
855 123
856 219
857 315
858 27
871 963
873 915
874 723
875 531
876 435
877 819
878 627
879 51
880 339
881 147
882 243
894 1035
895 999
897 951
898 567
899 759
900 855
901 471
902 663
903 375
904 87
905 183
906 279
921 1017
923 591
924 783
925 879
926 687
927 399
928 495
929 303
930 15
931 111
932 207
945 1023
947 711
948 423
949 615
950 807
951 519
952 903
953 135
954 231
955 327
956 39
968 1029
969 975
971 927
972 735
973 543
974 447
975 831
976 639
977 63
978 351
979 159
980 255
993 993
995 945
996 561
997 753
998 849
999 465
1000 657
1001 369
1002 81
1003 177
1004 273
1021 585
1022 777
1023 873
1024 681
1025 393
1026 489
1027 297
1028 9
1029 105
1030 201
1045 705
1046 417
1047 609
1048 801
1049 513
1050 897
1051 129
1052 225
1053 321
1054 33
1067 969
1069 921
1070 729
1071 537
1072 441
1073 825
1074 633
1075 57
1076 345
1077 153
1078 249
1091 1005
1093 957
1094 573
1095 765
1096 861
1097 477
1098 669
1099 381
1100 93
1101 189
1102 285
1119 597
1120 789
1121 885
1122 693
1123 405
1124 501
1125 309
1126 21
1127 117
1128 213
1143 717
1144 429
1145 621
1146 813
1147 525
1148 909
1149 141
1150 237
1151 333
1152 45
1165 981
1167 933
1168 741
1169 549
1170 453
1171 837
1172 645
1173 69
1174 357
1175 165
1176 261
1193 580
1194 772
1195 868
1196 676
1197 388
1198 484
1199 292
1200 4
1201 100
1202 196
1215 988
1217 940
1218 556
1219 748
1220 844
1221 460
1222 652
1223 364
1224 76
1225 172
1226 268
1241 700
1242 412
1243 604
1244 796
1245 508
1246 892
1247 124
1248 220
1249 316
1250 28
1263 964
1265 916
1266 724
1267 532
1268 436
1269 820
1270 628
1271 52
1272 340
1273 148
1274 244
1286 1036
1287 1000
1289 952
1290 568
1291 760
1292 856
1293 472
1294 664
1295 376
1296 88
1297 184
1298 280
1313 1018
1315 592
1316 784
1317 880
1318 688
1319 400
1320 496
1321 304
1322 16
1323 112
1324 208
1337 1024
1339 712
1340 424
1341 616
1342 808
1343 520
1344 904
1345 136
1346 232
1347 328
1348 40
1360 1030
1361 976
1363 928
1364 736
1365 544
1366 448
1367 832
1368 640
1369 64
1370 352
1371 160
1372 256
1385 994
1387 946
1388 562
1389 754
1390 850
1391 466
1392 658
1393 370
1394 82
1395 178
1396 274
1413 586
1414 778
1415 874
1416 682
1417 394
1418 490
1419 298
1420 10
1421 106
1422 202
1437 706
1438 418
1439 610
1440 802
1441 514
1442 898
1443 130
1444 226
1445 322
1446 34
1459 970
1461 922
1462 730
1463 538
1464 442
1465 826
1466 634
1467 58
1468 346
1469 154
1470 250
1482 1037
1483 1006
1485 958
1486 574
1487 766
1488 862
1489 478
1490 670
1491 382
1492 94
1493 190
1494 286
1511 598
1512 790
1513 886
1514 694
1515 406
1516 502
1517 310
1518 22
1519 118
1520 214
1532 1009
1535 718
1536 430
1537 622
1538 814
1539 526
1540 910
1541 142
1542 238
1543 334
1544 46
1556 1014
1557 982
1559 934
1560 742
1561 550
1562 454
1563 838
1564 646
1565 70
1566 358
1567 166
1568 262
1585 581
1586 773
1587 869
1588 677
1589 389
1590 485
1591 293
1592 5
1593 101
1594 197
1607 989
1609 941
1610 557
1611 749
1612 845
1613 461
1614 653
1615 365
1616 77
1617 173
1618 269
1633 701
1634 413
1635 605
1636 797
1637 509
1638 893
1639 125
1640 221
1641 317
1642 29
1655 965
1657 917
1658 725
1659 533
1660 437
1661 821
1662 629
1663 53
1664 341
1665 149
1666 245
1679 1001
1681 953
1682 569
1683 761
1684 857
1685 473
1686 665
1687 377
1688 89
1689 185
1690 281
1707 593
1708 785
1709 881
1710 689
1711 401
1712 497
1713 305
1714 17
1715 113
1716 209
1731 713
1732 425
1733 617
1734 809
1735 521
1736 905
1737 137
1738 233
1739 329
1740 41
1753 977
1755 929
1756 737
1757 545
1758 449
1759 833
1760 641
1761 65
1762 353
1763 161
1764 257
1777 995
1779 947
1780 563
1781 755
1782 851
1783 467
1784 659
1785 371
1786 83
1787 179
1788 275
1805 587
1806 779
1807 875
1808 683
1809 395
1810 491
1811 299
1812 11
1813 107
1814 203
1829 707
1830 419
1831 611
1832 803
1833 515
1834 899
1835 131
1836 227
1837 323
1838 35
1851 971
1853 923
1854 731
1855 539
1856 443
1857 827
1858 635
1859 59
1860 347
1861 155
1862 251
1874 1038
1875 1007
1877 959
1878 575
1879 767
1880 863
1881 479
1882 671
1883 383
1884 95
1885 191
1886 287
1901 1019
1903 599
1904 791
1905 887
1906 695
1907 407
1908 503
1909 311
1910 23
1911 119
1912 215
1924 1010
1925 1025
1927 719
1928 431
1929 623
1930 815
1931 527
1932 911
1933 143
1934 239
1935 335
1936 47
1948 1015
1949 983
1951 935
1952 743
1953 551
1954 455
1955 839
1956 647
1957 71
1958 359
1959 167
1960 263
1977 582
1978 774
1979 870
1980 678
1981 390
1982 486
1983 294
1984 6
1985 102
1986 198
1998 1031
1999 990
2001 942
2002 558
2003 750
2004 846
2005 462
2006 654
2007 366
2008 78
2009 174
2010 270
2025 702
2026 414
2027 606
2028 798
2029 510
2030 894
2031 126
2032 222
2033 318
2034 30
2047 966
2049 918
2050 726
2051 534
2052 438
2053 822
2054 630
2055 54
2056 342
2057 150
2058 246
2071 1002
2073 954
2074 570
2075 762
2076 858
2077 474
2078 666
2079 378
2080 90
2081 186
2082 282
2099 594
2100 786
2101 882
2102 690
2103 402
2104 498
2105 306
2106 18
2107 114
2108 210
2123 714
2124 426
2125 618
2126 810
2127 522
2128 906
2129 138
2130 234
2131 330
2132 42
2145 978
2147 930
2148 738
2149 546
2150 450
2151 834
2152 642
2153 66
2154 354
2155 162
2156 258
2169 996
2171 948
2172 564
2173 756
2174 852
2175 468
2176 660
2177 372
2178 84
2179 180
2180 276
2197 588
2198 780
2199 876
2200 684
2201 396
2202 492
2203 300
2204 12
2205 108
2206 204
2221 708
2222 420
2223 612
2224 804
2225 516
2226 900
2227 132
2228 228
2229 324
2230 36
2243 972
2245 924
2246 732
2247 540
2248 444
2249 828
2250 636
2251 60
2252 348
2253 156
2254 252
2266 1039
2267 1008
2269 960
2270 576
2271 768
2272 864
2273 480
2274 672
2275 384
2276 96
2277 192
2278 288
2292 1020
2294 600
2295 792
2296 888
2297 696
2298 408
2299 504
2300 312
2301 24
2302 120
2303 216
2315 1011
2316 1026
2318 720
2319 432
2320 624
2321 816
2322 528
2323 912
2324 144
2325 240
2326 336
2327 48
2339 1016
2340 984
2342 936
2343 744
2344 552
2345 456
2346 840
2347 648
2348 72
2349 360
2350 168
2351 264
